timestamp,open,high,low,close,volume
2018-10-03 15:55:00,1202.2100,1203.2900,1201.2000,1202.8000,105931
2018-10-03 15:50:00,1200.2400,1202.9000,1200.2400,1202.1949,50449
2018-10-03 15:45:00,1201.0000,1201.3900,1199.9900,1200.0200,22876
2018-10-03 15:40:00,1200.6477,1201.4250,1200.3950,1200.3950,20016
2018-10-03 15:35:00,1200.7700,1201.0250,1200.2900,1200.5900,13946
2018-10-03 15:30:00,1200.7350,1201.6500,1200.7350,1201.1250,6993
2018-10-03 15:25:00,1200.0020,1200.7000,1199.7700,1200.7000,19755
2018-10-03 15:20:00,1200.6200,1201.4850,1200.1100,1200.7000,18537
2018-10-03 15:15:00,1200.8850,1201.3400,1200.2600,1200.5500,16985
2018-10-03 15:10:00,1200.8500,1201.2200,1200.2300,1200.9100,11962
2018-10-03 15:05:00,1199.8400,1200.7500,1199.8356,1200.7500,9860
2018-10-03 15:00:00,1199.7000,1200.0000,1199.1400,1199.6700,11553
2018-10-03 14:55:00,1197.9351,1199.2900,1197.9351,1199.2900,9020
2018-10-03 14:50:00,1198.2500,1198.2500,1197.4399,1197.8300,7663
2018-10-03 14:45:00,1199.4200,1199.4200,1197.6400,1198.1801,9570
2018-10-03 14:40:00,1199.2000,1199.2000,1198.3350,1199.1801,11287
2018-10-03 14:35:00,1196.9700,1199.5900,1196.8275,1199.2200,23616
2018-10-03 14:30:00,1199.0699,1199.0699,1197.7650,1197.7650,5091
2018-10-03 14:25:00,1199.5900,1199.9500,1199.2950,1199.4150,6660
2018-10-03 14:20:00,1199.4800,1200.0000,1199.4800,1200.0000,7559
2018-10-03 14:15:00,1200.6180,1200.6180,1199.3300,1199.3300,3637
2018-10-03 14:10:00,1200.7399,1200.7399,1199.9701,1200.4871,4423
2018-10-03 14:05:00,1201.0800,1201.0800,1200.1100,1200.1100,3953
2018-10-03 14:00:00,1200.3600,1201.4399,1200.3600,1201.0175,6070
2018-10-03 13:55:00,1200.1000,1201.0100,1200.1000,1201.0100,3593
2018-10-03 13:50:00,1200.6340,1201.3700,1200.0000,1200.1899,10067
2018-10-03 13:45:00,1200.6644,1201.0669,1200.6404,1200.6404,4609
2018-10-03 13:40:00,1201.4399,1201.4399,1200.5601,1200.5601,6117
2018-10-03 13:35:00,1201.8400,1202.2000,1201.6801,1201.6801,4694
2018-10-03 13:30:00,1202.5300,1202.7800,1202.1899,1202.2000,4703
2018-10-03 13:25:00,1201.7200,1202.7300,1201.5900,1202.7300,5640
2018-10-03 13:20:00,1202.1000,1202.2400,1201.8900,1201.9301,4573
2018-10-03 13:15:00,1203.5500,1203.6500,1202.9351,1203.3000,6931
2018-10-03 13:10:00,1202.6801,1203.2700,1202.6801,1203.2700,2862
2018-10-03 13:05:00,1202.0200,1203.0000,1202.0200,1202.8000,6230
2018-10-03 13:00:00,1201.0601,1201.9750,1200.8900,1201.9750,9300
2018-10-03 12:55:00,1201.0800,1201.6300,1201.0800,1201.2700,3934
2018-10-03 12:50:00,1201.3300,1201.3300,1200.5200,1200.5200,3991
2018-10-03 12:45:00,1201.0950,1201.4800,1200.9600,1201.4800,4065
2018-10-03 12:40:00,1201.0800,1201.0800,1199.6500,1200.6200,13287
2018-10-03 12:35:00,1203.1700,1203.1700,1200.6300,1200.6300,12037
2018-10-03 12:30:00,1203.0699,1203.2350,1203.0000,1203.0699,5391
2018-10-03 12:25:00,1202.8500,1203.2275,1202.7400,1203.1624,9455
2018-10-03 12:20:00,1201.9100,1202.8800,1201.9100,1202.8800,9836
2018-10-03 12:15:00,1201.5950,1201.6500,1201.3000,1201.6500,4893
2018-10-03 12:10:00,1201.7100,1201.9976,1201.6350,1201.8250,6291
2018-10-03 12:05:00,1202.0970,1202.3824,1201.8101,1201.8101,10414
2018-10-03 12:00:00,1203.2700,1203.2814,1201.4385,1202.0000,10708
2018-10-03 11:55:00,1201.0699,1203.2000,1200.7400,1203.1000,13816
2018-10-03 11:50:00,1199.7600,1200.8900,1199.5200,1200.7100,12756
2018-10-03 11:45:00,1197.4100,1199.7400,1197.2200,1199.5100,16823
2018-10-03 11:40:00,1196.3000,1197.5304,1196.3000,1197.5304,7166
2018-10-03 11:35:00,1197.7500,1197.7500,1195.8800,1195.8800,9363
2018-10-03 11:30:00,1198.4900,1199.4700,1198.3400,1198.3400,8029
2018-10-03 11:25:00,1196.9500,1198.2700,1196.9500,1198.2700,3730
2018-10-03 11:20:00,1197.7600,1197.8400,1197.1700,1197.1700,11233
2018-10-03 11:15:00,1196.3514,1198.5699,1196.3514,1198.0601,12014
2018-10-03 11:10:00,1196.1300,1197.5656,1196.1300,1196.7500,9326
2018-10-03 11:05:00,1196.6801,1196.6801,1195.8900,1196.5900,8069
2018-10-03 11:00:00,1196.8800,1197.1600,1195.5135,1196.9900,9727
2018-10-03 10:55:00,1196.0699,1197.2800,1195.3500,1197.0100,13097
2018-10-03 10:50:00,1198.8101,1198.8101,1197.5500,1197.5500,12899
2018-10-03 10:45:00,1199.7477,1199.7477,1197.2800,1198.7800,15206
2018-10-03 10:40:00,1199.3600,1200.3199,1199.3600,1199.7000,6549
2018-10-03 10:35:00,1200.5500,1200.6600,1198.7600,1199.1300,13040
2018-10-03 10:30:00,1199.6000,1200.4435,1199.6000,1200.4435,8802
2018-10-03 10:25:00,1198.6200,1199.1500,1198.3800,1199.1500,10852
2018-10-03 10:20:00,1199.6403,1200.6000,1199.5300,1199.6400,9340
2018-10-03 10:15:00,1199.6300,1200.3800,1198.7100,1198.7100,13443
2018-10-03 10:10:00,1198.4290,1199.5900,1197.6000,1199.5900,5758
2018-10-03 10:05:00,1199.7000,1200.9750,1198.9000,1198.9000,11786
2018-10-03 10:00:00,1195.2965,1199.6639,1195.0800,1198.7400,32137
2018-10-03 09:55:00,1197.6700,1197.6700,1194.1899,1194.7600,24190
2018-10-03 09:50:00,1199.3600,1200.1600,1198.6200,1199.6200,23030
2018-10-03 09:45:00,1200.0601,1200.2000,1198.4301,1198.4301,15053
2018-10-03 09:40:00,1201.6400,1201.6400,1197.1700,1199.8000,25674
2018-10-03 09:35:00,1202.6300,1202.6300,1199.2100,1200.3300,22302
2018-10-03 09:30:00,1205.9100,1206.4100,1197.6949,1201.5372,55174
2018-10-02 15:55:00,1199.5000,1200.0601,1198.1201,1200.0601,91980
2018-10-02 15:50:00,1198.5000,1199.6801,1198.2500,1199.6801,58488
2018-10-02 15:45:00,1197.9850,1199.1899,1197.9175,1198.4100,48491
2018-10-02 15:40:00,1198.2800,1198.7700,1197.4900,1197.6500,20127
2018-10-02 15:35:00,1200.0200,1200.1700,1198.0000,1198.0000,38200
2018-10-02 15:30:00,1199.8199,1200.7604,1199.8199,1200.3600,27837
2018-10-02 15:25:00,1198.8350,1200.5601,1198.8350,1199.6801,41307
2018-10-02 15:20:00,1198.3000,1198.9600,1197.9700,1198.7900,41946
2018-10-02 15:15:00,1198.7900,1199.0400,1197.8798,1198.1600,16844
2018-10-02 15:10:00,1199.2200,1199.6700,1198.4399,1198.8600,14610
2018-10-02 15:05:00,1200.6500,1200.6500,1198.3800,1198.7300,35921
2018-10-02 15:00:00,1201.1000,1201.2800,1200.4900,1200.5400,25329
2018-10-02 14:55:00,1201.2250,1201.3500,1200.8800,1201.2900,20286
2018-10-02 14:50:00,1201.3300,1201.4301,1201.1500,1201.1500,13637
2018-10-02 14:45:00,1199.5699,1201.3500,1199.4500,1201.3500,19922
2018-10-02 14:40:00,1200.9500,1201.2500,1200.0000,1200.3600,10642
2018-10-02 14:35:00,1201.4618,1201.8800,1200.0000,1200.7550,20230
2018-10-02 14:30:00,1202.3600,1202.3600,1201.0000,1201.6899,9133
2018-10-02 14:25:00,1201.9700,1202.5830,1201.9700,1202.1200,8431
2018-10-02 14:20:00,1201.8600,1203.1400,1201.6600,1201.6600,7909
2018-10-02 14:15:00,1201.2150,1202.0900,1201.1300,1201.7450,9204
2018-10-02 14:10:00,1201.3700,1201.3900,1200.9500,1201.2150,9923
2018-10-02 14:05:00,1200.9900,1201.0000,1200.2900,1201.0000,10850
2018-10-02 14:00:00,1201.4100,1201.6200,1200.8300,1200.8900,10634
2018-10-02 13:55:00,1202.2150,1202.2150,1201.5699,1201.6600,6999
2018-10-02 13:50:00,1201.9900,1202.5699,1201.6000,1201.6000,16018
2018-10-02 13:45:00,1202.6350,1202.6350,1201.6222,1201.9950,12590
2018-10-02 13:40:00,1202.0873,1203.1000,1202.0873,1202.6000,17684
2018-10-02 13:35:00,1201.8850,1201.8850,1201.1083,1201.4919,12291
2018-10-02 13:30:00,1201.8000,1201.8000,1201.3101,1201.3950,6625
2018-10-02 13:25:00,1203.1801,1203.1801,1201.4850,1201.4850,6372
2018-10-02 13:20:00,1202.7500,1203.7300,1202.7500,1203.1600,12458
2018-10-02 13:15:00,1202.9100,1203.0649,1202.5000,1202.9301,7492
2018-10-02 13:10:00,1203.0500,1203.7025,1202.5551,1202.5551,8378
2018-10-02 13:05:00,1203.5657,1203.5657,1202.5350,1202.9301,11722
2018-10-02 13:00:00,1202.4399,1203.5400,1202.4399,1203.5017,12099
2018-10-02 12:55:00,1202.1899,1202.4850,1201.7814,1201.8888,8506
2018-10-02 12:50:00,1202.9800,1202.9800,1200.9900,1201.7700,26161
2018-10-02 12:45:00,1205.7500,1205.7500,1202.5699,1202.5699,11574
2018-10-02 12:40:00,1206.6650,1206.6650,1205.7300,1205.7300,7305
2018-10-02 12:35:00,1204.9399,1205.6700,1204.8500,1205.6400,7987
2018-10-02 12:30:00,1203.9950,1205.2500,1203.9080,1205.1200,15700
2018-10-02 12:25:00,1205.7100,1206.3000,1204.0200,1204.0200,21242
2018-10-02 12:20:00,1207.1200,1207.1200,1205.8101,1205.9000,15509
2018-10-02 12:15:00,1206.4700,1206.6000,1205.7650,1206.4900,9906
2018-10-02 12:10:00,1207.6741,1207.6741,1206.6100,1206.6100,16825
2018-10-02 12:05:00,1207.6200,1207.7900,1207.2500,1207.5400,5359
2018-10-02 12:00:00,1208.8350,1208.8600,1208.2800,1208.2800,6947
2018-10-02 11:55:00,1207.9100,1208.0000,1207.3101,1208.0000,6420
2018-10-02 11:50:00,1207.7700,1207.7700,1206.9900,1207.5800,16709
2018-10-02 11:45:00,1207.6400,1208.4000,1207.5100,1208.0601,8890
2018-10-02 11:40:00,1207.3000,1208.1711,1207.3000,1207.8500,7976
2018-10-02 11:35:00,1207.6100,1208.3600,1207.0400,1207.1801,12654
2018-10-02 11:30:00,1206.8600,1208.3500,1206.8000,1208.0300,11806
2018-10-02 11:25:00,1207.1023,1207.1023,1206.4399,1206.7000,15132
2018-10-02 11:20:00,1208.3400,1208.4500,1206.7800,1207.1343,21521
2018-10-02 11:15:00,1208.6350,1209.8500,1208.6350,1209.2650,26231
2018-10-02 11:10:00,1205.9900,1208.8101,1205.9900,1208.8101,24042
2018-10-02 11:05:00,1204.9200,1206.0500,1204.9200,1206.0500,9660
2018-10-02 11:00:00,1204.1400,1205.2430,1204.1400,1205.2430,9651
2018-10-02 10:55:00,1206.0699,1206.2350,1204.3900,1204.3900,24103
2018-10-02 10:50:00,1204.3199,1205.8800,1204.3199,1205.7300,25017
2018-10-02 10:45:00,1200.7400,1203.9100,1200.7400,1203.9100,13702
2018-10-02 10:40:00,1202.4700,1202.4800,1200.8800,1201.1899,11637
2018-10-02 10:35:00,1203.4000,1204.1801,1202.4500,1202.9200,23294
2018-10-02 10:30:00,1201.6200,1204.2004,1201.6200,1203.9700,51332
2018-10-02 10:25:00,1200.4100,1201.0601,1199.3101,1201.0601,21116
2018-10-02 10:20:00,1198.6801,1200.5000,1198.3800,1200.2100,13777
2018-10-02 10:15:00,1197.8000,1198.2900,1197.2800,1197.7600,10314
2018-10-02 10:10:00,1196.8700,1198.6200,1196.8700,1196.9978,13833
2018-10-02 10:05:00,1198.9100,1198.9100,1196.8500,1196.8500,11635
2018-10-02 10:00:00,1197.9900,1200.7500,1197.9900,1200.7500,28955
2018-10-02 09:55:00,1196.0000,1198.8550,1196.0000,1198.8550,16902
2018-10-02 09:50:00,1196.1801,1196.1801,1194.6500,1194.6500,13652
2018-10-02 09:45:00,1193.0000,1195.0000,1193.0000,1195.0000,24239
2018-10-02 09:40:00,1190.1000,1191.2368,1186.6899,1191.2300,19744
2018-10-02 09:35:00,1192.8400,1193.2500,1190.1700,1190.1700,29340
2018-10-02 09:30:00,1191.1600,1198.6300,1191.1600,1193.2300,53482
2018-10-01 15:55:00,1193.6500,1195.4200,1192.0000,1195.4200,146920
2018-10-01 15:50:00,1190.8300,1194.4700,1190.8300,1193.4301,50195
2018-10-01 15:45:00,1191.3199,1191.8199,1190.9600,1191.0699,18692
2018-10-01 15:40:00,1191.5699,1191.5900,1190.3000,1190.4200,19435
2018-10-01 15:35:00,1190.8101,1191.5500,1190.8101,1191.2000,12366
2018-10-01 15:30:00,1191.2500,1191.5699,1190.7300,1190.7600,14914
2018-10-01 15:25:00,1194.3199,1194.3600,1191.7214,1191.8400,21106
2018-10-01 15:20:00,1195.2100,1195.2100,1194.0000,1194.4950,12633
2018-10-01 15:15:00,1194.5500,1195.2032,1194.5500,1194.8400,10885
2018-10-01 15:10:00,1195.4399,1195.4399,1194.3400,1194.6000,12334
2018-10-01 15:05:00,1195.0200,1195.7700,1195.0200,1195.5300,9564
2018-10-01 15:00:00,1195.1801,1195.9146,1194.8500,1194.8500,10587
2018-10-01 14:55:00,1195.7100,1195.7100,1194.8800,1195.2000,14529
2018-10-01 14:50:00,1196.0000,1196.1200,1195.3000,1195.5200,9673
2018-10-01 14:45:00,1195.5500,1196.2600,1195.5500,1196.0900,6311
2018-10-01 14:40:00,1195.8199,1196.0500,1194.9301,1195.2799,6495
2018-10-01 14:35:00,1195.7400,1195.9900,1194.8000,1195.9900,15480
2018-10-01 14:30:00,1197.2150,1197.2150,1195.7200,1196.1000,11402
2018-10-01 14:25:00,1197.1100,1197.3600,1197.0950,1197.3149,4193
2018-10-01 14:20:00,1196.7700,1197.4200,1196.7700,1197.3000,7449
2018-10-01 14:15:00,1197.1400,1197.1400,1196.4800,1196.4800,3750
2018-10-01 14:10:00,1197.6200,1197.6200,1196.7400,1196.8101,5099
2018-10-01 14:05:00,1197.0100,1197.4399,1196.6600,1197.1400,8339
2018-10-01 14:00:00,1198.0400,1198.1700,1196.2900,1196.8199,11940
2018-10-01 13:55:00,1197.8000,1198.2600,1197.8000,1198.0601,15143
2018-10-01 13:50:00,1197.6200,1198.2250,1197.2600,1197.5850,17127
2018-10-01 13:45:00,1198.3101,1198.3101,1197.2500,1197.2500,5679
2018-10-01 13:40:00,1196.9800,1198.5000,1196.9800,1198.5000,7535
2018-10-01 13:35:00,1196.5800,1196.9600,1195.9850,1196.6200,10529
2018-10-01 13:30:00,1197.7400,1197.7400,1196.5100,1196.8500,10720
2018-10-01 13:25:00,1198.1600,1198.1600,1197.3199,1197.7900,5343
2018-10-01 13:20:00,1198.2800,1198.4800,1197.8500,1198.2300,5520
2018-10-01 13:15:00,1197.4500,1199.0100,1197.4500,1198.4700,14343
2018-10-01 13:10:00,1196.6899,1197.2300,1196.6899,1197.2300,5843
2018-10-01 13:05:00,1195.6000,1196.8300,1195.6000,1196.5699,7247
2018-10-01 13:00:00,1196.0300,1196.0300,1195.6678,1195.6678,4707
2018-10-01 12:55:00,1196.1600,1197.0601,1195.9100,1196.4800,10199
2018-10-01 12:50:00,1196.2900,1196.4600,1196.1000,1196.4301,7328
2018-10-01 12:45:00,1196.4700,1196.4700,1195.4301,1196.4615,10809
2018-10-01 12:40:00,1197.1500,1197.4063,1196.7700,1196.8751,11246
2018-10-01 12:35:00,1198.1200,1198.2700,1197.2500,1197.3549,7162
2018-10-01 12:30:00,1197.9500,1198.4100,1197.2000,1198.0634,10382
2018-10-01 12:25:00,1198.9399,1198.9399,1198.1893,1198.1893,5143
2018-10-01 12:20:00,1200.2600,1200.2600,1197.5817,1198.8300,21616
2018-10-01 12:15:00,1199.5800,1200.4301,1199.5800,1200.4301,10886
2018-10-01 12:10:00,1199.6400,1199.7600,1198.9100,1199.7500,8299
2018-10-01 12:05:00,1199.9800,1200.5336,1199.3900,1199.8500,12166
2018-10-01 12:00:00,1200.7672,1200.7672,1199.5000,1199.5000,9230
2018-10-01 11:55:00,1201.9500,1201.9500,1200.0000,1201.0100,14755
2018-10-01 11:50:00,1203.4000,1203.4000,1202.1700,1202.1700,6227
2018-10-01 11:45:00,1202.9850,1203.1300,1202.3400,1203.1300,6664
2018-10-01 11:40:00,1202.8400,1203.4100,1202.7500,1203.0900,8529
2018-10-01 11:35:00,1202.3800,1202.8700,1202.2100,1202.8683,8974
2018-10-01 11:30:00,1203.4399,1203.4399,1201.7700,1202.4000,10891
2018-10-01 11:25:00,1204.5100,1204.5200,1203.4753,1203.7268,17685
2018-10-01 11:20:00,1203.8000,1204.3000,1203.6700,1204.3000,12180
2018-10-01 11:15:00,1203.6194,1203.6194,1202.7500,1202.9050,10111
2018-10-01 11:10:00,1202.0868,1203.5900,1202.0868,1203.5900,13636
2018-10-01 11:05:00,1203.5200,1203.7800,1202.2400,1202.2400,22444
2018-10-01 11:00:00,1204.8900,1204.8900,1203.6250,1203.6250,8617
2018-10-01 10:55:00,1205.5300,1206.0100,1205.0000,1206.0100,8893
2018-10-01 10:50:00,1204.6000,1205.6906,1204.6000,1205.5100,7457
2018-10-01 10:45:00,1204.9801,1204.9801,1203.8400,1204.4399,10061
2018-10-01 10:40:00,1205.0800,1205.4600,1204.6600,1205.0000,13458
2018-10-01 10:35:00,1207.2900,1207.2900,1205.3900,1205.3900,10973
2018-10-01 10:30:00,1208.4800,1209.0500,1207.6500,1207.6500,15235
2018-10-01 10:25:00,1207.9200,1208.0601,1207.9200,1208.0400,6010
2018-10-01 10:20:00,1208.1191,1208.2500,1207.4320,1207.4320,10205
2018-10-01 10:15:00,1208.2439,1208.2439,1207.5200,1208.1000,12064
2018-10-01 10:10:00,1207.9600,1208.2400,1207.5601,1208.0200,13170
2018-10-01 10:05:00,1205.1892,1207.6200,1205.1892,1207.6200,11039
2018-10-01 10:00:00,1207.4800,1207.4800,1204.9351,1205.4700,21950
2018-10-01 09:55:00,1208.9600,1208.9600,1206.7700,1207.0000,16943
2018-10-01 09:50:00,1207.6801,1209.5000,1207.6801,1209.3149,20992
2018-10-01 09:45:00,1207.5500,1208.4600,1207.3101,1207.3101,25338
2018-10-01 09:40:00,1208.3900,1208.9399,1207.4700,1207.9399,27428
2018-10-01 09:35:00,1201.6899,1208.4924,1201.6899,1208.4924,47088
2018-10-01 09:30:00,1200.0000,1201.1075,1199.3600,1201.0000,73949
2018-09-28 15:55:00,1191.6899,1194.4700,1191.6000,1194.4000,93243
2018-09-28 15:50:00,1192.3800,1192.3800,1190.4399,1191.5800,51551
2018-09-28 15:45:00,1192.2100,1193.3600,1191.9399,1192.0000,34357
2018-09-28 15:40:00,1192.5601,1193.4600,1192.4399,1192.5699,22004
2018-09-28 15:35:00,1192.4301,1192.8500,1192.2800,1192.6899,17137
2018-09-28 15:30:00,1193.6300,1193.8101,1191.9500,1192.8300,23429
2018-09-28 15:25:00,1193.2300,1194.2500,1193.2300,1193.9000,10066
2018-09-28 15:20:00,1192.6500,1194.1000,1192.6100,1193.5850,19307
2018-09-28 15:15:00,1192.7800,1192.9200,1192.6500,1192.9200,6433
2018-09-28 15:10:00,1192.3900,1193.0400,1192.3900,1192.7500,11230
2018-09-28 15:05:00,1191.5300,1192.9700,1191.5300,1192.7200,10276
2018-09-28 15:00:00,1191.5699,1192.7400,1191.5699,1191.6500,6916
2018-09-28 14:55:00,1192.4650,1192.7822,1191.4800,1191.6200,10809
2018-09-28 14:50:00,1191.7700,1192.6200,1191.7100,1192.0699,22979
2018-09-28 14:45:00,1192.8400,1192.9800,1191.2950,1191.2950,15441
2018-09-28 14:40:00,1192.8000,1193.0000,1192.3900,1192.9799,13762
2018-09-28 14:35:00,1192.1899,1192.6750,1191.9006,1192.6750,5292
2018-09-28 14:30:00,1192.2300,1192.3101,1191.4100,1191.8101,9889
2018-09-28 14:25:00,1191.7600,1192.1790,1191.4200,1192.1300,9633
2018-09-28 14:20:00,1190.5400,1191.4200,1190.2700,1191.4200,9631
2018-09-28 14:15:00,1189.7800,1190.4750,1189.4445,1190.4250,5014
2018-09-28 14:10:00,1189.4700,1189.4700,1189.0551,1189.4399,5444
2018-09-28 14:05:00,1189.2263,1189.4500,1188.8500,1189.4500,4618
2018-09-28 14:00:00,1190.2300,1190.5300,1188.9720,1189.1500,6145
2018-09-28 13:55:00,1191.6600,1191.6600,1190.4500,1190.4500,9803
2018-09-28 13:50:00,1190.4102,1191.5601,1190.4102,1191.5000,6079
2018-09-28 13:45:00,1190.5621,1190.5621,1190.2800,1190.4900,3832
2018-09-28 13:40:00,1190.4301,1190.6200,1190.4301,1190.5750,2019
2018-09-28 13:35:00,1190.1700,1190.3804,1190.0800,1190.3804,5911
2018-09-28 13:30:00,1190.5150,1190.5482,1190.1500,1190.5482,7032
2018-09-28 13:25:00,1189.3199,1190.4750,1189.3199,1190.1920,7764
2018-09-28 13:20:00,1188.8300,1189.6000,1188.7000,1189.1801,6533
2018-09-28 13:15:00,1188.3456,1189.7100,1188.0300,1189.7100,12188
2018-09-28 13:10:00,1186.1200,1187.4301,1186.1200,1187.4301,8871
2018-09-28 13:05:00,1186.3400,1186.3400,1184.5000,1185.7800,17440
2018-09-28 13:00:00,1188.3900,1188.3900,1186.4200,1186.4200,12147
2018-09-28 12:55:00,1188.2200,1188.6700,1188.0682,1188.0682,9085
2018-09-28 12:50:00,1187.8850,1188.3602,1187.0500,1188.3300,7339
2018-09-28 12:45:00,1188.2500,1188.2500,1185.8500,1186.6700,18228
2018-09-28 12:40:00,1189.6200,1189.7700,1188.7700,1188.7700,10294
2018-09-28 12:35:00,1189.6400,1189.6400,1188.4600,1189.3219,7138
2018-09-28 12:30:00,1188.0500,1189.7300,1188.0500,1189.6500,11103
2018-09-28 12:25:00,1188.1500,1188.3300,1187.8900,1188.0000,16926
2018-09-28 12:20:00,1190.0850,1190.1300,1188.5250,1188.5350,10988
2018-09-28 12:15:00,1190.6300,1190.7800,1189.7800,1190.1050,9107
2018-09-28 12:10:00,1190.6000,1191.1899,1190.6000,1190.6500,8783
2018-09-28 12:05:00,1190.9600,1190.9600,1190.5150,1190.5150,6487
2018-09-28 12:00:00,1189.7252,1190.9900,1189.5699,1190.7450,7347
2018-09-28 11:55:00,1190.6901,1191.2900,1189.9000,1190.0601,5549
2018-09-28 11:50:00,1190.7400,1191.4250,1190.6184,1190.9200,6296
2018-09-28 11:45:00,1189.7900,1191.8900,1189.7900,1191.1100,4847
2018-09-28 11:40:00,1190.0500,1190.5000,1189.6600,1189.6600,7829
2018-09-28 11:35:00,1190.1517,1190.7600,1189.8700,1190.0699,5470
2018-09-28 11:30:00,1191.2800,1191.5850,1189.3940,1189.3940,6570
2018-09-28 11:25:00,1192.4214,1192.4214,1190.5400,1190.9000,10567
2018-09-28 11:20:00,1190.7250,1191.9301,1190.5800,1191.9301,7759
2018-09-28 11:15:00,1192.2500,1192.6700,1190.6899,1190.6899,15392
2018-09-28 11:10:00,1193.1500,1193.1700,1192.5900,1192.8500,8805
2018-09-28 11:05:00,1191.9039,1193.4399,1191.5800,1193.1600,14372
2018-09-28 11:00:00,1191.8400,1192.5601,1191.5300,1191.5300,10859
2018-09-28 10:55:00,1192.1100,1192.1100,1191.3101,1191.8300,13334
2018-09-28 10:50:00,1191.5350,1192.6700,1191.5350,1192.3800,15576
2018-09-28 10:45:00,1189.8900,1191.8800,1189.8900,1191.5200,16935
2018-09-28 10:40:00,1190.0900,1190.3199,1189.2400,1189.8700,11050
2018-09-28 10:35:00,1188.8750,1190.3400,1187.8300,1190.3400,9539
2018-09-28 10:30:00,1189.3600,1189.8800,1187.5900,1187.7264,14740
2018-09-28 10:25:00,1188.0000,1189.9301,1188.0000,1189.3700,14625
2018-09-28 10:20:00,1188.6400,1188.7900,1185.9700,1187.4600,12362
2018-09-28 10:15:00,1186.7200,1188.5800,1186.6100,1188.5800,8993
2018-09-28 10:10:00,1188.0699,1188.0699,1186.2400,1186.7400,13737
2018-09-28 10:05:00,1190.3300,1190.3300,1188.2200,1188.6300,8482
2018-09-28 10:00:00,1188.9600,1191.3667,1188.9600,1190.7550,39195
2018-09-28 09:55:00,1187.8000,1188.8300,1186.2300,1188.8000,18970
2018-09-28 09:50:00,1188.5500,1188.5500,1186.8650,1188.3950,16231
2018-09-28 09:45:00,1188.7875,1189.6899,1186.8300,1188.4700,22340
2018-09-28 09:40:00,1191.3900,1191.3900,1189.5200,1189.5200,13363
2018-09-28 09:35:00,1191.2200,1193.8300,1191.2200,1191.3500,13540
2018-09-28 09:30:00,1191.8700,1195.4100,1191.2400,1191.3101,58384
2018-09-27 15:55:00,1195.4000,1197.4399,1194.1851,1194.3400,60616
2018-09-27 15:50:00,1193.3101,1195.3300,1193.0400,1195.1700,29524
2018-09-27 15:45:00,1195.0000,1195.0200,1194.3000,1194.3590,19064
2018-09-27 15:40:00,1193.8800,1194.7900,1193.7600,1194.3550,13127
2018-09-27 15:35:00,1194.7900,1194.8700,1193.9150,1194.7100,15807
2018-09-27 15:30:00,1195.4700,1195.6600,1194.8199,1194.8199,15992
2018-09-27 15:25:00,1196.3650,1196.7000,1195.2100,1195.7300,12743
2018-09-27 15:20:00,1197.6200,1197.8400,1196.4399,1196.5100,8824
2018-09-27 15:15:00,1196.9100,1197.7400,1196.5400,1197.5100,7222
2018-09-27 15:10:00,1196.0000,1197.5699,1196.0000,1197.1700,5062
2018-09-27 15:05:00,1197.6899,1197.6899,1196.8400,1196.8400,5640
2018-09-27 15:00:00,1196.9100,1197.3199,1196.7100,1197.0699,7927
2018-09-27 14:55:00,1197.4799,1197.4799,1196.4900,1196.4900,6354
2018-09-27 14:50:00,1196.4900,1197.4800,1196.2600,1197.4800,8681
2018-09-27 14:45:00,1197.1899,1197.2100,1196.6700,1196.7100,5840
2018-09-27 14:40:00,1196.9200,1197.7400,1196.4517,1196.4517,7490
2018-09-27 14:35:00,1196.8400,1196.9100,1196.1801,1196.9100,7722
2018-09-27 14:30:00,1198.0300,1198.4800,1196.8033,1196.8033,11086
2018-09-27 14:25:00,1198.3650,1198.3650,1197.5699,1198.0125,4358
2018-09-27 14:20:00,1198.7100,1198.9100,1198.3500,1198.5400,6748
2018-09-27 14:15:00,1199.3300,1199.3300,1198.7500,1198.7500,4355
2018-09-27 14:10:00,1199.0100,1199.1300,1198.7900,1199.1000,5880
2018-09-27 14:05:00,1199.1600,1199.4000,1198.3199,1199.4000,9733
2018-09-27 14:00:00,1200.7500,1200.7500,1199.9558,1199.9558,4778
2018-09-27 13:55:00,1200.3959,1200.9500,1199.9399,1200.9500,8957
2018-09-27 13:50:00,1199.7600,1200.4100,1199.5699,1200.3101,14740
2018-09-27 13:45:00,1200.0200,1200.1500,1199.9301,1199.9301,2151
2018-09-27 13:40:00,1199.4449,1199.9700,1199.4449,1199.7700,8508
2018-09-27 13:35:00,1200.1660,1200.3500,1199.5300,1199.5300,10642
2018-09-27 13:30:00,1200.2100,1200.5200,1199.8700,1200.0500,8708
2018-09-27 13:25:00,1199.6370,1200.8900,1199.3101,1200.5400,16321
2018-09-27 13:20:00,1200.0100,1200.0100,1199.2736,1199.6591,7400
2018-09-27 13:15:00,1199.9080,1200.2600,1199.9080,1200.2600,6096
2018-09-27 13:10:00,1199.4200,1199.8745,1199.3101,1199.5177,6259
2018-09-27 13:05:00,1199.0853,1199.2800,1198.7800,1199.1599,6085
2018-09-27 13:00:00,1198.9301,1199.7900,1198.2700,1199.7900,8722
2018-09-27 12:55:00,1200.8854,1200.8854,1199.4301,1199.4301,10604
2018-09-27 12:50:00,1201.8800,1201.8800,1200.2000,1200.2000,9030
2018-09-27 12:45:00,1201.3400,1201.7300,1200.8700,1201.3900,11546
2018-09-27 12:40:00,1201.5000,1202.0100,1201.1899,1201.4000,20199
2018-09-27 12:35:00,1200.0200,1201.2800,1199.9709,1201.2800,9772
2018-09-27 12:30:00,1199.8700,1200.0000,1199.6422,1199.8000,8660
2018-09-27 12:25:00,1198.9900,1200.0000,1198.9900,1199.7500,34034
2018-09-27 12:20:00,1199.7856,1199.9301,1199.2950,1199.2950,13603
2018-09-27 12:15:00,1199.0000,1200.5900,1199.0000,1199.6500,28104
2018-09-27 12:10:00,1198.1500,1199.0000,1197.9200,1198.8400,13143
2018-09-27 12:05:00,1197.6300,1198.0000,1197.6300,1197.7800,13550
2018-09-27 12:00:00,1197.4850,1197.7800,1197.2400,1197.6700,11897
2018-09-27 11:55:00,1195.0000,1197.2500,1195.0000,1197.2500,16737
2018-09-27 11:50:00,1195.0200,1195.2900,1194.1350,1194.1350,9870
2018-09-27 11:45:00,1195.0000,1195.2900,1194.8912,1194.8912,10036
2018-09-27 11:40:00,1193.7000,1195.0634,1193.7000,1195.0634,11567
2018-09-27 11:35:00,1195.0000,1195.0000,1193.5400,1193.7200,9917
2018-09-27 11:30:00,1193.6951,1194.9100,1193.3000,1194.9100,12445
2018-09-27 11:25:00,1194.9100,1194.9100,1193.1600,1194.0900,13015
2018-09-27 11:20:00,1195.2600,1195.4100,1194.5000,1194.5000,9425
2018-09-27 11:15:00,1196.3389,1196.3389,1194.7498,1194.8600,11973
2018-09-27 11:10:00,1198.5050,1198.5050,1196.5649,1196.5649,11055
2018-09-27 11:05:00,1199.1700,1199.2900,1198.6899,1198.7600,9948
2018-09-27 11:00:00,1199.3000,1199.5699,1198.9900,1198.9900,16346
2018-09-27 10:55:00,1199.2188,1199.2188,1198.7200,1198.8000,8462
2018-09-27 10:50:00,1199.0000,1199.3750,1198.2700,1199.3750,15788
2018-09-27 10:45:00,1197.2400,1199.1899,1197.2400,1199.1622,19607
2018-09-27 10:40:00,1197.5601,1198.0000,1197.3500,1197.6100,22922
2018-09-27 10:35:00,1197.4200,1197.4200,1196.9500,1197.3800,11023
2018-09-27 10:30:00,1197.7500,1198.4800,1197.1000,1197.1000,11730
2018-09-27 10:25:00,1198.7400,1198.9800,1198.3673,1198.3673,23518
2018-09-27 10:20:00,1198.4301,1199.6851,1198.4301,1199.1500,23234
2018-09-27 10:15:00,1196.1300,1198.2400,1196.1300,1198.2400,18306
2018-09-27 10:10:00,1198.0200,1198.0200,1195.8900,1196.0000,10893
2018-09-27 10:05:00,1197.0699,1197.9200,1196.9399,1197.9200,26475
2018-09-27 10:00:00,1193.3500,1196.8600,1193.3500,1196.8400,23017
2018-09-27 09:55:00,1193.0000,1195.9399,1193.0000,1193.2800,39951
2018-09-27 09:50:00,1191.0601,1193.0000,1189.9200,1193.0000,16401
2018-09-27 09:45:00,1192.4900,1192.5200,1190.5900,1190.5900,18132
2018-09-27 09:40:00,1191.2500,1192.1300,1191.2500,1192.1300,21558
2018-09-27 09:35:00,1187.8101,1190.0000,1187.8101,1189.4200,28048
2018-09-27 09:30:00,1187.8300,1187.8300,1184.8000,1187.3101,34619
2018-09-26 15:55:00,1179.2900,1180.8199,1178.4800,1180.8199,57831
2018-09-26 15:50:00,1178.0100,1179.8800,1177.9500,1178.6500,32818
2018-09-26 15:45:00,1183.6801,1183.6801,1178.8900,1178.8900,37111
2018-09-26 15:40:00,1186.0000,1186.0000,1183.8600,1183.9000,16103
2018-09-26 15:35:00,1188.4500,1188.6100,1185.3900,1186.0400,16379
2018-09-26 15:30:00,1190.7800,1190.8101,1188.7837,1189.0800,18271
2018-09-26 15:25:00,1191.8101,1191.8101,1191.2423,1191.2423,10196
2018-09-26 15:20:00,1188.9900,1191.5699,1188.9900,1191.5699,15355
2018-09-26 15:15:00,1187.5901,1189.2100,1187.5901,1188.9900,10379
2018-09-26 15:10:00,1187.9500,1188.1700,1187.2776,1187.8000,12134
2018-09-26 15:05:00,1187.8700,1187.8800,1186.3800,1187.8800,14017
2018-09-26 15:00:00,1188.9150,1188.9150,1187.6300,1188.1500,18048
2018-09-26 14:55:00,1189.8400,1190.4600,1189.4100,1189.7400,10082
2018-09-26 14:50:00,1190.5800,1190.9500,1188.9351,1189.3450,10517
2018-09-26 14:45:00,1189.9500,1190.9900,1189.3199,1190.1000,23392
2018-09-26 14:40:00,1192.5500,1192.7500,1190.1899,1190.3199,26138
2018-09-26 14:35:00,1193.4100,1193.7900,1192.5000,1192.8372,16674
2018-09-26 14:30:00,1192.7300,1194.1100,1192.2400,1193.4900,13571
2018-09-26 14:25:00,1191.0000,1192.9900,1189.9200,1192.5900,25791
2018-09-26 14:20:00,1190.8000,1190.9399,1190.1400,1190.9399,10311
2018-09-26 14:15:00,1189.5800,1191.8600,1189.5800,1191.5300,23979
2018-09-26 14:10:00,1188.1400,1189.1300,1187.9675,1189.1300,12767
2018-09-26 14:05:00,1188.3000,1189.0000,1187.7700,1188.4889,21195
2018-09-26 14:00:00,1185.0800,1187.6500,1182.9399,1187.3500,17962
2018-09-26 13:55:00,1184.1600,1186.0699,1184.1600,1185.9240,9600
2018-09-26 13:50:00,1182.8475,1184.1000,1182.5801,1184.1000,11425
2018-09-26 13:45:00,1183.8000,1183.8000,1183.0000,1183.0000,4128
2018-09-26 13:40:00,1183.6100,1184.2267,1183.6100,1183.7500,3380
2018-09-26 13:35:00,1183.5699,1183.8103,1183.2600,1183.8103,4054
2018-09-26 13:30:00,1182.6300,1184.0000,1182.4200,1184.0000,14274
2018-09-26 13:25:00,1183.6300,1183.6300,1182.7900,1182.7900,3768
2018-09-26 13:20:00,1183.6000,1183.9100,1183.5100,1183.9100,5787
2018-09-26 13:15:00,1183.3400,1183.6400,1183.2400,1183.4950,9159
2018-09-26 13:10:00,1181.9900,1183.3895,1181.9900,1183.0500,8717
2018-09-26 13:05:00,1181.9700,1181.9700,1181.7800,1181.8000,3719
2018-09-26 13:00:00,1182.3500,1182.7700,1182.2800,1182.2800,4545
2018-09-26 12:55:00,1181.6350,1182.2800,1181.6200,1182.2800,5807
2018-09-26 12:50:00,1181.4650,1181.6200,1181.0200,1181.4725,5164
2018-09-26 12:45:00,1181.5000,1182.4600,1181.5000,1182.4600,4813
2018-09-26 12:40:00,1181.3500,1181.4900,1181.0100,1181.0300,6193
2018-09-26 12:35:00,1181.5800,1181.5800,1180.8900,1180.8900,6576
2018-09-26 12:30:00,1182.1899,1182.1899,1181.7100,1181.8300,3537
2018-09-26 12:25:00,1181.8660,1182.2100,1181.6300,1182.0000,5579
2018-09-26 12:20:00,1182.5750,1182.5750,1182.0358,1182.3101,7484
2018-09-26 12:15:00,1183.2200,1183.2200,1182.7900,1182.7900,2782
2018-09-26 12:10:00,1183.5850,1183.5850,1182.8850,1183.0000,9940
2018-09-26 12:05:00,1184.8600,1185.0050,1183.7500,1183.9700,3704
2018-09-26 12:00:00,1184.7000,1184.7000,1184.0200,1184.3500,8635
2018-09-26 11:55:00,1185.7450,1186.2400,1185.0500,1185.0500,8985
2018-09-26 11:50:00,1186.2159,1186.2159,1185.5410,1185.5410,5030
2018-09-26 11:45:00,1184.2500,1186.6500,1184.2500,1186.5000,13219
2018-09-26 11:40:00,1183.6050,1184.2750,1183.6050,1184.0300,8848
2018-09-26 11:35:00,1186.1100,1186.1100,1184.3400,1184.3400,9727
2018-09-26 11:30:00,1187.1500,1187.1500,1185.7200,1185.7200,7776
2018-09-26 11:25:00,1185.6949,1186.3300,1184.7650,1186.3300,8252
2018-09-26 11:20:00,1186.5100,1186.5100,1185.4800,1185.8600,9590
2018-09-26 11:15:00,1186.6399,1186.9800,1186.2460,1186.9800,5856
2018-09-26 11:10:00,1187.2399,1187.2399,1186.1100,1186.2808,40781
2018-09-26 11:05:00,1187.7950,1187.7950,1186.5649,1186.5649,11518
2018-09-26 11:00:00,1185.5100,1187.2500,1185.5100,1187.1801,15309
2018-09-26 10:55:00,1183.7300,1185.2700,1183.7300,1185.2700,9552
2018-09-26 10:50:00,1186.0300,1186.0300,1183.8500,1184.1200,10200
2018-09-26 10:45:00,1184.8800,1185.7800,1184.8800,1185.7800,19481
2018-09-26 10:40:00,1183.2100,1185.4100,1183.2100,1184.4600,20505
2018-09-26 10:35:00,1182.0601,1183.1350,1180.7349,1183.1350,14747
2018-09-26 10:30:00,1177.9399,1180.7700,1177.5400,1180.7700,16185
2018-09-26 10:25:00,1178.1300,1178.1300,1176.8300,1177.2400,27514
2018-09-26 10:20:00,1176.7700,1177.7900,1176.5601,1177.7900,12315
2018-09-26 10:15:00,1177.0350,1177.8900,1176.7200,1176.7200,11338
2018-09-26 10:10:00,1175.7400,1177.6000,1174.7650,1177.4301,18163
2018-09-26 10:05:00,1178.3101,1178.3726,1175.6400,1175.6400,18257
2018-09-26 10:00:00,1179.0601,1179.3000,1178.3300,1178.4202,26643
2018-09-26 09:55:00,1178.2400,1178.9301,1178.1600,1178.1600,16443
2018-09-26 09:50:00,1181.5208,1181.5208,1178.0400,1178.0400,19760
2018-09-26 09:45:00,1180.4500,1182.9600,1180.4500,1182.1949,19093
2018-09-26 09:40:00,1180.3700,1182.3000,1179.0699,1182.3000,29599
2018-09-26 09:35:00,1181.8049,1181.9100,1179.6600,1179.6600,26385
2018-09-26 09:30:00,1185.5000,1185.5000,1182.4200,1182.4200,53587
2018-09-25 15:55:00,1185.4900,1186.3600,1184.0100,1184.5601,42125
2018-09-25 15:50:00,1184.4399,1186.8800,1184.4399,1185.8300,34876
2018-09-25 15:45:00,1184.8600,1185.7660,1184.8600,1184.9900,30909
2018-09-25 15:40:00,1184.2800,1184.2800,1183.4800,1184.1000,9654
2018-09-25 15:35:00,1183.9600,1184.6100,1183.5800,1184.6100,11904
2018-09-25 15:30:00,1184.8101,1185.3700,1184.0800,1184.0800,19714
2018-09-25 15:25:00,1183.7400,1184.6100,1183.7400,1184.6100,8205
2018-09-25 15:20:00,1183.6700,1184.2100,1183.6100,1184.1450,8933
2018-09-25 15:15:00,1184.1300,1184.1300,1183.3900,1183.4600,5404
2018-09-25 15:10:00,1183.8101,1184.1801,1183.4900,1184.0300,4137
2018-09-25 15:05:00,1184.2400,1184.2400,1183.5200,1183.7600,4549
2018-09-25 15:00:00,1184.5900,1184.8500,1183.3800,1183.3800,8587
2018-09-25 14:55:00,1183.4000,1184.6438,1183.1700,1184.2800,10152
2018-09-25 14:50:00,1182.1602,1183.7200,1182.1602,1183.3800,7899
2018-09-25 14:45:00,1182.6300,1182.7000,1182.0601,1182.0601,5972
2018-09-25 14:40:00,1182.4800,1182.5846,1182.3500,1182.3500,2858
2018-09-25 14:35:00,1181.9399,1182.2300,1181.7167,1182.2300,5637
2018-09-25 14:30:00,1182.0100,1182.4091,1181.9000,1181.9000,6607
2018-09-25 14:25:00,1182.7300,1182.7300,1182.1300,1182.3970,6127
2018-09-25 14:20:00,1182.2800,1182.8688,1182.2800,1182.7900,2893
2018-09-25 14:15:00,1182.8650,1182.9200,1182.2900,1182.2900,2267
2018-09-25 14:10:00,1182.1400,1183.3975,1182.1400,1183.3975,3627
2018-09-25 14:05:00,1182.8101,1183.0601,1182.1178,1182.1178,5021
2018-09-25 14:00:00,1182.7900,1182.8500,1182.4200,1182.8500,4893
2018-09-25 13:55:00,1182.5900,1182.9900,1182.1100,1182.9900,4524
2018-09-25 13:50:00,1183.1851,1183.1851,1182.4600,1182.6100,3087
2018-09-25 13:45:00,1181.4700,1183.3943,1181.4700,1183.2200,7485
2018-09-25 13:40:00,1184.7250,1184.7500,1180.5400,1181.4399,25265
2018-09-25 13:35:00,1183.8550,1184.7900,1183.7288,1184.5000,16964
2018-09-25 13:30:00,1184.1700,1184.1700,1183.4550,1184.0300,5469
2018-09-25 13:25:00,1183.7500,1184.2600,1183.4250,1184.2600,4385
2018-09-25 13:20:00,1183.4200,1184.0000,1182.7200,1183.5100,6858
2018-09-25 13:15:00,1183.4600,1183.6400,1182.3700,1182.9301,15682
2018-09-25 13:10:00,1182.0000,1182.7000,1181.2450,1182.7000,8008
2018-09-25 13:05:00,1182.5500,1183.1100,1182.5000,1182.6949,14331
2018-09-25 13:00:00,1182.0601,1182.2600,1181.8400,1182.2600,3479
2018-09-25 12:55:00,1181.9500,1182.0450,1181.9500,1182.0450,2302
2018-09-25 12:50:00,1182.4900,1182.4900,1181.8800,1182.0000,4635
2018-09-25 12:45:00,1181.3700,1182.5200,1181.3700,1182.4150,6946
2018-09-25 12:40:00,1181.9500,1181.9500,1181.2300,1181.4800,3502
2018-09-25 12:35:00,1182.6400,1182.9900,1182.3000,1182.3000,3732
2018-09-25 12:30:00,1182.1700,1182.9500,1182.1700,1182.9500,4697
2018-09-25 12:25:00,1182.0601,1182.9600,1182.0601,1182.6500,4257
2018-09-25 12:20:00,1181.5699,1182.0000,1181.4500,1182.0000,3793
2018-09-25 12:15:00,1181.6300,1182.1200,1181.1100,1181.5500,4260
2018-09-25 12:10:00,1182.4500,1182.4500,1181.8550,1181.8550,7060
2018-09-25 12:05:00,1180.7000,1182.3700,1180.7000,1182.3700,7249
2018-09-25 12:00:00,1180.4700,1181.6400,1180.4600,1181.1750,8759
2018-09-25 11:55:00,1180.4700,1181.2200,1180.4100,1180.5800,10829
2018-09-25 11:50:00,1179.9850,1180.9301,1179.8700,1180.6899,7450
2018-09-25 11:45:00,1179.3800,1180.0000,1179.3800,1179.4800,9562
2018-09-25 11:40:00,1179.9301,1180.3400,1179.6500,1179.8101,9911
2018-09-25 11:35:00,1180.6400,1180.9100,1180.0500,1180.0500,5882
2018-09-25 11:30:00,1179.7600,1181.0000,1179.7600,1180.9449,11815
2018-09-25 11:25:00,1179.2750,1180.6899,1179.2750,1179.6400,19845
2018-09-25 11:20:00,1177.8900,1179.1200,1177.8900,1178.6801,7692
2018-09-25 11:15:00,1177.1300,1178.6500,1177.0601,1178.2100,14527
2018-09-25 11:10:00,1176.2100,1177.2900,1176.2100,1177.2900,8380
2018-09-25 11:05:00,1175.0900,1175.7600,1175.0900,1175.2200,4652
2018-09-25 11:00:00,1173.2200,1174.9800,1172.7700,1174.9800,18357
2018-09-25 10:55:00,1176.0720,1176.0720,1173.8950,1173.8950,10791
2018-09-25 10:50:00,1176.6150,1176.6150,1175.9800,1176.3400,6680
2018-09-25 10:45:00,1178.4700,1178.6500,1176.6700,1177.3199,11003
2018-09-25 10:40:00,1178.8700,1179.0000,1177.9600,1178.4399,14181
2018-09-25 10:35:00,1178.3101,1178.6100,1177.7100,1178.6100,9636
2018-09-25 10:30:00,1177.1400,1178.8500,1177.1400,1178.3101,12546
2018-09-25 10:25:00,1175.2800,1176.0900,1174.8500,1175.5601,11299
2018-09-25 10:20:00,1176.6600,1176.9800,1175.6700,1176.1899,11898
2018-09-25 10:15:00,1177.1200,1177.1200,1176.5699,1176.5699,3929
2018-09-25 10:10:00,1176.4600,1176.4600,1175.8500,1176.0000,6750
2018-09-25 10:05:00,1177.8300,1178.3700,1175.0000,1176.2200,12419
2018-09-25 10:00:00,1178.2600,1178.2800,1177.6700,1177.6700,5440
2018-09-25 09:55:00,1178.6400,1179.6300,1177.6600,1179.0601,18886
2018-09-25 09:50:00,1175.8900,1177.6100,1175.8900,1177.0699,15041
2018-09-25 09:45:00,1173.4558,1175.2600,1172.6100,1175.2600,14905
2018-09-25 09:40:00,1172.9399,1174.5400,1172.2802,1173.4600,24832
2018-09-25 09:35:00,1171.2700,1172.4600,1170.2600,1172.2500,21921
2018-09-25 09:30:00,1176.3600,1176.3600,1169.9700,1169.9700,44043
2018-09-24 15:55:00,1173.1801,1175.1100,1172.6300,1173.1899,80825
2018-09-24 15:50:00,1173.2600,1174.1600,1173.0000,1173.0000,21541
2018-09-24 15:45:00,1173.1400,1173.6400,1172.9600,1173.1300,14541
2018-09-24 15:40:00,1172.7500,1173.9500,1172.7500,1173.6899,15339
2018-09-24 15:35:00,1173.6500,1174.1750,1172.3199,1172.3700,21181
2018-09-24 15:30:00,1174.3000,1174.3600,1173.4399,1173.9900,10064
2018-09-24 15:25:00,1174.5601,1174.6100,1173.7600,1173.7600,8347
2018-09-24 15:20:00,1173.9000,1174.0601,1173.5100,1173.9301,7354
2018-09-24 15:15:00,1174.3400,1174.3400,1173.6200,1174.3199,6508
2018-09-24 15:10:00,1174.9700,1174.9700,1174.1100,1174.2050,3073
2018-09-24 15:05:00,1174.7400,1176.3101,1174.7400,1175.0800,10634
2018-09-24 15:00:00,1173.2800,1174.6500,1173.0100,1174.5000,7701
2018-09-24 14:55:00,1174.0000,1174.1100,1173.2800,1173.2800,6089
2018-09-24 14:50:00,1174.7400,1175.0375,1174.0699,1175.0375,5922
2018-09-24 14:45:00,1175.6750,1175.9301,1174.6700,1175.7500,6555
2018-09-24 14:40:00,1175.5150,1175.8600,1175.5144,1175.6750,3754
2018-09-24 14:35:00,1174.7400,1175.5200,1174.7400,1175.4600,7205
2018-09-24 14:30:00,1174.6357,1175.2300,1174.6357,1175.1700,4027
2018-09-24 14:25:00,1174.7500,1175.5450,1174.1500,1174.1500,4700
2018-09-24 14:20:00,1176.4800,1176.4800,1175.7300,1175.7300,2571
2018-09-24 14:15:00,1176.1801,1176.8700,1176.1801,1176.6873,5073
2018-09-24 14:10:00,1176.1656,1176.4900,1176.1500,1176.1500,3523
2018-09-24 14:05:00,1176.3890,1176.3890,1175.7345,1175.7850,4584
2018-09-24 14:00:00,1177.2000,1177.9100,1176.9399,1176.9399,12648
2018-09-24 13:55:00,1177.7300,1177.9200,1177.4700,1177.7400,5093
2018-09-24 13:50:00,1176.6801,1177.7500,1176.4000,1177.3300,21227
2018-09-24 13:45:00,1177.0800,1177.7150,1176.4600,1176.9995,8763
2018-09-24 13:40:00,1175.2700,1176.9500,1175.0699,1176.8300,9526
2018-09-24 13:35:00,1172.9100,1174.4100,1172.4600,1174.4100,8991
2018-09-24 13:30:00,1172.6899,1173.7550,1172.6400,1172.6400,5603
2018-09-24 13:25:00,1173.9399,1174.0500,1173.1200,1173.1200,2284
2018-09-24 13:20:00,1173.8101,1175.6400,1173.1600,1174.6600,8259
2018-09-24 13:15:00,1172.2700,1173.9399,1171.9600,1173.5800,8553
2018-09-24 13:10:00,1172.4800,1172.7800,1172.4200,1172.5000,3282
2018-09-24 13:05:00,1172.7300,1173.3900,1172.7300,1173.3900,2028
2018-09-24 13:00:00,1173.6400,1173.6400,1172.6100,1172.6100,3587
2018-09-24 12:55:00,1172.6700,1173.1600,1172.5400,1173.1600,5066
2018-09-24 12:50:00,1175.2900,1175.2900,1172.1700,1172.1700,13243
2018-09-24 12:45:00,1174.5900,1175.2900,1173.8500,1175.0000,11230
2018-09-24 12:40:00,1173.9739,1174.5500,1173.4399,1174.5500,6809
2018-09-24 12:35:00,1172.3101,1173.5500,1172.3101,1173.4500,21338
2018-09-24 12:30:00,1171.4900,1172.1400,1171.3101,1171.4100,6296
2018-09-24 12:25:00,1171.9900,1172.0300,1170.9800,1171.7400,7059
2018-09-24 12:20:00,1172.2255,1172.3600,1172.0100,1172.0100,3883
2018-09-24 12:15:00,1171.5341,1172.5453,1171.5341,1172.2500,9688
2018-09-24 12:10:00,1170.3101,1170.9399,1169.5000,1170.6300,12560
2018-09-24 12:05:00,1171.6500,1172.0000,1170.0000,1170.0607,8434
2018-09-24 12:00:00,1170.9000,1172.0000,1169.9500,1171.4500,7840
2018-09-24 11:55:00,1170.9399,1171.5500,1170.0100,1170.4100,13531
2018-09-24 11:50:00,1168.9100,1170.4800,1168.2242,1170.4800,7618
2018-09-24 11:45:00,1168.6700,1169.2000,1168.5900,1169.2000,4764
2018-09-24 11:40:00,1168.8101,1169.1300,1168.1100,1168.1100,13619
2018-09-24 11:35:00,1169.5900,1169.9899,1167.4301,1167.4301,9304
2018-09-24 11:30:00,1168.0000,1170.0000,1168.0000,1169.4399,19161
2018-09-24 11:25:00,1165.4200,1167.6500,1165.4200,1167.6025,21495
2018-09-24 11:20:00,1161.6899,1165.2378,1161.6899,1164.5310,21851
2018-09-24 11:15:00,1160.4700,1162.1249,1160.4700,1162.1249,7941
2018-09-24 11:10:00,1158.3550,1159.8800,1158.0000,1159.6400,11403
2018-09-24 11:05:00,1160.7200,1161.0699,1159.2900,1159.2900,10510
2018-09-24 11:00:00,1160.1400,1161.5898,1160.1400,1160.8025,12899
2018-09-24 10:55:00,1157.9900,1160.1200,1157.5000,1160.1200,16406
2018-09-24 10:50:00,1156.1375,1158.1500,1156.1375,1156.9900,14499
2018-09-24 10:45:00,1159.1851,1160.1300,1155.6884,1155.6884,20428
2018-09-24 10:40:00,1160.8700,1160.8700,1159.3500,1160.4700,11494
2018-09-24 10:35:00,1161.6600,1163.1200,1160.7500,1160.7500,17525
2018-09-24 10:30:00,1161.6600,1162.1899,1159.8500,1161.8850,28620
2018-09-24 10:25:00,1162.3184,1162.5050,1161.3500,1161.4700,9173
2018-09-24 10:20:00,1162.5100,1163.3500,1162.5100,1163.3500,9857
2018-09-24 10:15:00,1165.4200,1165.4200,1161.8300,1162.6100,20357
2018-09-24 10:10:00,1163.6851,1164.5601,1162.7450,1164.5601,14578
2018-09-24 10:05:00,1162.7700,1164.5200,1162.5000,1163.7600,14514
2018-09-24 10:00:00,1163.0300,1163.0300,1160.5500,1162.2600,14139
2018-09-24 09:55:00,1160.6250,1163.8700,1160.6250,1163.4150,16637
2018-09-24 09:50:00,1160.6400,1161.0400,1159.7700,1161.0400,25808
2018-09-24 09:45:00,1158.9351,1161.8800,1158.9351,1160.4900,34901
2018-09-24 09:40:00,1157.5100,1159.5699,1157.2250,1159.5699,24260
2018-09-24 09:35:00,1152.0000,1156.9850,1152.0000,1156.0000,31454
2018-09-24 09:30:00,1155.0000,1157.2800,1147.2250,1151.0551,138206
2018-09-21 15:55:00,1172.2150,1172.2200,1166.0800,1166.0800,266958
2018-09-21 15:50:00,1171.9000,1172.6500,1171.7500,1172.2426,112856
2018-09-21 15:45:00,1168.2800,1172.0500,1168.2800,1171.9847,71695
2018-09-21 15:40:00,1170.4200,1170.5000,1167.6801,1168.0800,76035
2018-09-21 15:35:00,1170.7800,1170.7800,1169.5900,1170.1500,35324
2018-09-21 15:30:00,1171.2300,1171.3600,1170.5010,1170.8020,18597
2018-09-21 15:25:00,1171.5050,1171.6700,1170.5950,1170.5950,18058
2018-09-21 15:20:00,1170.4600,1171.5199,1169.7600,1171.4600,23400
2018-09-21 15:15:00,1170.4050,1170.4100,1169.8199,1170.2300,19957
2018-09-21 15:10:00,1168.8600,1170.5100,1168.8081,1170.4600,20924
2018-09-21 15:05:00,1170.5800,1171.0300,1168.6650,1168.8400,23846
2018-09-21 15:00:00,1171.5300,1171.6700,1170.2600,1170.2600,15763
2018-09-21 14:55:00,1171.1801,1172.1300,1171.0100,1172.1300,10399
2018-09-21 14:50:00,1172.9500,1172.9500,1171.3600,1171.3600,10925
2018-09-21 14:45:00,1172.5000,1173.1100,1172.3300,1172.5100,9884
2018-09-21 14:40:00,1173.6200,1173.6200,1172.6650,1172.6650,6562
2018-09-21 14:35:00,1173.5100,1174.1500,1173.2300,1173.3101,9170
2018-09-21 14:30:00,1174.0000,1174.0950,1173.7600,1173.7600,7086
2018-09-21 14:25:00,1172.5175,1173.9000,1172.4550,1173.9000,13216
2018-09-21 14:20:00,1171.8101,1173.4301,1171.8101,1172.2100,25106
2018-09-21 14:15:00,1171.4500,1172.3000,1171.4500,1171.7108,10863
2018-09-21 14:10:00,1174.1400,1174.2100,1172.0000,1172.0000,16386
2018-09-21 14:05:00,1174.5000,1174.5150,1173.6899,1174.0100,14249
2018-09-21 14:00:00,1175.4100,1175.4399,1174.7900,1174.7900,11131
2018-09-21 13:55:00,1176.0699,1176.4000,1175.3600,1175.6000,10337
2018-09-21 13:50:00,1175.4700,1176.2800,1175.3500,1175.9900,18260
2018-09-21 13:45:00,1175.8300,1176.0601,1175.6000,1175.8300,10740
2018-09-21 13:40:00,1176.2500,1176.2500,1175.4600,1175.7301,12995
2018-09-21 13:35:00,1176.7200,1176.7200,1175.8500,1176.6600,5715
2018-09-21 13:30:00,1176.6150,1176.8821,1176.2800,1176.8199,6056
2018-09-21 13:25:00,1176.8300,1177.1500,1176.8300,1176.8700,9263
2018-09-21 13:20:00,1177.6202,1177.6202,1177.0601,1177.2500,7265
2018-09-21 13:15:00,1176.5850,1177.9700,1176.5850,1177.9700,8725
2018-09-21 13:10:00,1177.7559,1177.7559,1176.3199,1176.5500,12925
2018-09-21 13:05:00,1178.3900,1178.3900,1177.6100,1177.6600,6847
2018-09-21 13:00:00,1178.2200,1178.3600,1178.0000,1178.2000,6884
2018-09-21 12:55:00,1178.9301,1178.9301,1178.4301,1178.4301,4275
2018-09-21 12:50:00,1179.6700,1179.6700,1178.9200,1179.0400,8311
2018-09-21 12:45:00,1177.6700,1179.4100,1177.6700,1179.1300,11507
2018-09-21 12:40:00,1179.0400,1179.0601,1177.6400,1177.6801,28733
2018-09-21 12:35:00,1178.8900,1179.2000,1178.1200,1178.4100,23448
2018-09-21 12:30:00,1180.0000,1180.0000,1178.3400,1178.3400,23667
2018-09-21 12:25:00,1180.8199,1181.6100,1180.4500,1180.5300,11718
2018-09-21 12:20:00,1180.8800,1180.8800,1180.1500,1180.6899,8926
2018-09-21 12:15:00,1180.9250,1180.9250,1180.6100,1180.6100,4119
2018-09-21 12:10:00,1183.0200,1183.0200,1181.4900,1181.4900,8951
2018-09-21 12:05:00,1182.0100,1182.4399,1181.2200,1182.4399,7171
2018-09-21 12:00:00,1182.5800,1182.5800,1181.3400,1181.5100,7523
2018-09-21 11:55:00,1182.9800,1182.9800,1181.8700,1182.1033,6218
2018-09-21 11:50:00,1182.5500,1183.1899,1182.5500,1183.1899,5199
2018-09-21 11:45:00,1182.3101,1183.8101,1182.3101,1183.8008,13296
2018-09-21 11:40:00,1181.8000,1182.6600,1181.8000,1182.1200,10456
2018-09-21 11:35:00,1182.3400,1182.3400,1181.4659,1182.3376,8722
2018-09-21 11:30:00,1182.0200,1182.8199,1181.8500,1182.3800,16132
2018-09-21 11:25:00,1180.0200,1181.5699,1180.0200,1181.5699,9624
2018-09-21 11:20:00,1180.0601,1180.5699,1179.8400,1180.5400,7439
2018-09-21 11:15:00,1180.6500,1181.1200,1180.2100,1180.2100,7407
2018-09-21 11:10:00,1180.4900,1180.6400,1180.0000,1180.0500,10121
2018-09-21 11:05:00,1178.7700,1179.9399,1178.2800,1179.5300,16112
2018-09-21 11:00:00,1177.3101,1178.0800,1176.6899,1178.0800,19133
2018-09-21 10:55:00,1177.1899,1178.1700,1177.1899,1177.4950,13595
2018-09-21 10:50:00,1177.9800,1178.5800,1177.1500,1177.1500,18888
2018-09-21 10:45:00,1178.5400,1178.6400,1177.4301,1178.6400,12766
2018-09-21 10:40:00,1178.5200,1179.3000,1178.1899,1178.3893,14613
2018-09-21 10:35:00,1177.0000,1178.6000,1177.0000,1178.2700,14406
2018-09-21 10:30:00,1177.4399,1178.0400,1176.4399,1177.0000,20687
2018-09-21 10:25:00,1179.3800,1179.3800,1177.7700,1177.9900,22075
2018-09-21 10:20:00,1182.3500,1182.3500,1178.2000,1178.9900,25659
2018-09-21 10:15:00,1182.1100,1182.4299,1181.6200,1182.0500,11032
2018-09-21 10:10:00,1182.6094,1182.8500,1181.7200,1182.8500,17091
2018-09-21 10:05:00,1179.8600,1182.8101,1179.8600,1182.8101,16180
2018-09-21 10:00:00,1181.3199,1181.9200,1180.0100,1180.0500,30446
2018-09-21 09:55:00,1181.1000,1184.4700,1181.1000,1182.7100,19621
2018-09-21 09:50:00,1185.5500,1185.5500,1179.3600,1181.6200,40242
2018-09-21 09:45:00,1186.2400,1186.2500,1185.4600,1185.7976,19128
2018-09-21 09:40:00,1189.9200,1189.9200,1186.3900,1186.3900,34237
2018-09-21 09:35:00,1189.3925,1190.4500,1188.6143,1190.0962,32120
2018-09-21 09:30:00,1189.4987,1190.2300,1187.5900,1189.5601,537637
2018-09-20 15:55:00,1186.9600,1187.8500,1186.4600,1187.0500,64356
2018-09-20 15:50:00,1186.0699,1186.9900,1185.5000,1186.6400,40926
2018-09-20 15:45:00,1187.2200,1187.2200,1186.3900,1186.5300,43622
2018-09-20 15:40:00,1188.0100,1188.5500,1187.0800,1187.2354,20976
2018-09-20 15:35:00,1189.6600,1189.7600,1187.7300,1188.2900,28075
2018-09-20 15:30:00,1189.3900,1189.5200,1188.9301,1189.4900,16697
2018-09-20 15:25:00,1188.9500,1189.4800,1188.8900,1189.4800,9603
2018-09-20 15:20:00,1188.6600,1189.2500,1188.2900,1188.8899,15016
2018-09-20 15:15:00,1189.8600,1189.8900,1188.7900,1189.1600,9209
2018-09-20 15:10:00,1188.8400,1189.6100,1188.5400,1189.5100,18769
2018-09-20 15:05:00,1188.1400,1188.8800,1188.1400,1188.5900,15315
2018-09-20 15:00:00,1187.8700,1188.1899,1187.8000,1188.0500,18944
2018-09-20 14:55:00,1187.7700,1187.7900,1187.4700,1187.4700,6934
2018-09-20 14:50:00,1187.4500,1187.6899,1187.0800,1187.6899,12389
2018-09-20 14:45:00,1186.5699,1187.1000,1186.5699,1187.0200,5287
2018-09-20 14:40:00,1185.8700,1186.2500,1185.4399,1186.2500,7339
2018-09-20 14:35:00,1185.9500,1186.0300,1185.8101,1185.8118,8130
2018-09-20 14:30:00,1185.3622,1186.0000,1185.3622,1186.0000,10867
2018-09-20 14:25:00,1184.0500,1184.8400,1184.0500,1184.7455,4690
2018-09-20 14:20:00,1184.9700,1184.9900,1183.6700,1183.9834,3929
2018-09-20 14:15:00,1184.3600,1184.4700,1184.0000,1184.4600,5330
2018-09-20 14:10:00,1185.4301,1185.5800,1184.8800,1185.1300,7753
2018-09-20 14:05:00,1185.1300,1185.1700,1184.6252,1184.9399,9084
2018-09-20 14:00:00,1185.0100,1185.6100,1185.0100,1185.3199,8980
2018-09-20 13:55:00,1185.0000,1185.2300,1184.8291,1184.8800,4209
2018-09-20 13:50:00,1185.0900,1185.0900,1183.7200,1183.9200,6983
2018-09-20 13:45:00,1185.0200,1185.6700,1184.9700,1185.6700,4642
2018-09-20 13:40:00,1185.5699,1185.8400,1184.9883,1184.9883,7206
2018-09-20 13:35:00,1186.7100,1186.7100,1185.0122,1185.9150,6499
2018-09-20 13:30:00,1186.3400,1186.9200,1186.2020,1186.9200,4983
2018-09-20 13:25:00,1187.1805,1187.1805,1185.9700,1186.2441,6409
2018-09-20 13:20:00,1187.5601,1187.5601,1187.0000,1187.0000,4908
2018-09-20 13:15:00,1187.1200,1187.7500,1186.9100,1187.6100,14441
2018-09-20 13:10:00,1188.2600,1188.2600,1187.4100,1187.5300,15186
2018-09-20 13:05:00,1188.5173,1189.0500,1188.2600,1188.2600,9512
2018-09-20 13:00:00,1188.1000,1188.2200,1187.3500,1188.2200,4193
2018-09-20 12:55:00,1187.8235,1187.8300,1187.5100,1187.8300,4463
2018-09-20 12:50:00,1187.4000,1188.0601,1187.4000,1188.0601,7808
2018-09-20 12:45:00,1187.4399,1187.4399,1186.9100,1187.3462,8391
2018-09-20 12:40:00,1187.5699,1187.5699,1186.5601,1187.2000,11596
2018-09-20 12:35:00,1185.7400,1187.3300,1185.6899,1187.3300,11030
2018-09-20 12:30:00,1186.6957,1186.6957,1185.7300,1185.7300,5553
2018-09-20 12:25:00,1186.4600,1187.0100,1186.3900,1186.5601,8459
2018-09-20 12:20:00,1185.5400,1186.5400,1185.5400,1186.4600,8272
2018-09-20 12:15:00,1185.8199,1185.8199,1184.9900,1185.1100,4311
2018-09-20 12:10:00,1185.3500,1185.4698,1184.3900,1184.8900,12520
2018-09-20 12:05:00,1184.4000,1185.5900,1184.4000,1185.1200,8311
2018-09-20 12:00:00,1185.5000,1185.5000,1184.4550,1184.4550,13189
2018-09-20 11:55:00,1186.1200,1186.1200,1184.6801,1185.5400,15696
2018-09-20 11:50:00,1185.3400,1185.9700,1185.1500,1185.7450,10017
2018-09-20 11:45:00,1185.9200,1185.9800,1184.9900,1185.9800,10076
2018-09-20 11:40:00,1185.5601,1185.6121,1184.8500,1185.6121,7755
2018-09-20 11:35:00,1185.0900,1186.1600,1185.0900,1185.3500,10895
2018-09-20 11:30:00,1184.4100,1185.0900,1184.4100,1184.8650,16966
2018-09-20 11:25:00,1183.4934,1184.4500,1183.4934,1184.4500,8317
2018-09-20 11:20:00,1182.6949,1184.0500,1182.6949,1184.0500,5680
2018-09-20 11:15:00,1183.6500,1183.6500,1182.7000,1183.2000,7588
2018-09-20 11:10:00,1183.1400,1183.1400,1182.6300,1182.9301,10613
2018-09-20 11:05:00,1182.9500,1183.9800,1182.8400,1183.3000,11125
2018-09-20 11:00:00,1182.0699,1182.9500,1181.4500,1182.7100,9212
2018-09-20 10:55:00,1180.7100,1182.4900,1180.7100,1180.9200,10273
2018-09-20 10:50:00,1181.6250,1181.7700,1180.5601,1180.7061,9022
2018-09-20 10:45:00,1183.2400,1183.2400,1181.7820,1182.2500,7685
2018-09-20 10:40:00,1181.8400,1182.6644,1181.8400,1182.6644,13594
2018-09-20 10:35:00,1181.1700,1181.3600,1179.5000,1181.3600,11268
2018-09-20 10:30:00,1182.2500,1182.3300,1181.2600,1181.2600,6758
2018-09-20 10:25:00,1183.9783,1183.9783,1181.7600,1181.7600,20143
2018-09-20 10:20:00,1182.5845,1184.6300,1182.5845,1183.5601,19728
2018-09-20 10:15:00,1182.4500,1182.9908,1181.9301,1182.3900,11481
2018-09-20 10:10:00,1181.7700,1183.6100,1181.7700,1182.3000,14571
2018-09-20 10:05:00,1181.7000,1182.3500,1181.2700,1182.0500,31326
2018-09-20 10:00:00,1178.5699,1181.0601,1178.5699,1180.7800,19879
2018-09-20 09:55:00,1176.5601,1178.3500,1176.1949,1177.7300,12627
2018-09-20 09:50:00,1177.3199,1178.7200,1175.6600,1177.6500,26542
2018-09-20 09:45:00,1178.8300,1178.8300,1176.9500,1177.3800,25673
2018-09-20 09:40:00,1179.3427,1179.3427,1176.2200,1179.0000,31931
2018-09-20 09:35:00,1173.9500,1178.7252,1173.9500,1178.7252,30083
2018-09-20 09:30:00,1180.5000,1182.1100,1174.4600,1174.4600,60646
2018-09-19 15:55:00,1171.0699,1171.4700,1170.3800,1171.2000,50933
2018-09-19 15:50:00,1171.4850,1171.8700,1170.8600,1171.1725,21475
2018-09-19 15:45:00,1170.0500,1171.1400,1170.0500,1170.9700,22914
2018-09-19 15:40:00,1170.7300,1171.1300,1170.7300,1171.1300,15743
2018-09-19 15:35:00,1171.7400,1172.4700,1170.0000,1170.6200,21895
2018-09-19 15:30:00,1173.0000,1173.2100,1171.9399,1171.9399,15069
2018-09-19 15:25:00,1170.6851,1173.0000,1170.6851,1172.6500,28321
2018-09-19 15:20:00,1169.6700,1171.0200,1169.3900,1170.8199,13718
2018-09-19 15:15:00,1169.5300,1169.9900,1169.0900,1169.6300,9786
2018-09-19 15:10:00,1169.0200,1170.1700,1168.5200,1170.0000,17140
2018-09-19 15:05:00,1168.8500,1169.5699,1168.8500,1169.2020,8562
2018-09-19 15:00:00,1169.2300,1170.5450,1169.2300,1169.7800,10654
2018-09-19 14:55:00,1169.4900,1169.7500,1168.5000,1169.0000,7385
2018-09-19 14:50:00,1168.0200,1169.5000,1168.0200,1169.2200,10867
2018-09-19 14:45:00,1167.9166,1168.7000,1167.9166,1168.7000,2903
2018-09-19 14:40:00,1167.9800,1168.6525,1167.7000,1167.7000,13816
2018-09-19 14:35:00,1166.7450,1167.8400,1166.7450,1167.7900,6326
2018-09-19 14:30:00,1166.7000,1167.2400,1166.5200,1166.5200,8549
2018-09-19 14:25:00,1167.2300,1167.2300,1166.5100,1166.5100,7328
2018-09-19 14:20:00,1166.6801,1167.0800,1166.6801,1167.0800,4882
2018-09-19 14:15:00,1166.7510,1167.1300,1166.3000,1166.3000,4300
2018-09-19 14:10:00,1166.4200,1167.0900,1166.3900,1167.0000,9658
2018-09-19 14:05:00,1166.0000,1166.7900,1165.5000,1166.7900,7881
2018-09-19 14:00:00,1165.8813,1165.9750,1165.6899,1165.8700,7075
2018-09-19 13:55:00,1165.7350,1165.8400,1165.0000,1165.8400,5384
2018-09-19 13:50:00,1164.5500,1165.6400,1164.4700,1165.1700,11091
2018-09-19 13:45:00,1164.3550,1164.3900,1163.8101,1163.9399,6173
2018-09-19 13:40:00,1163.8625,1164.2400,1163.6400,1164.2400,8957
2018-09-19 13:35:00,1162.4950,1163.7750,1162.4950,1163.7750,6075
2018-09-19 13:30:00,1162.9600,1163.6000,1162.9600,1163.2400,5360
2018-09-19 13:25:00,1162.1700,1162.7300,1161.6400,1162.7300,8987
2018-09-19 13:20:00,1161.2900,1162.7300,1161.2900,1162.4600,11384
2018-09-19 13:15:00,1162.3900,1163.8101,1162.3900,1162.9200,7645
2018-09-19 13:10:00,1163.5000,1163.7700,1162.0601,1162.0601,7008
2018-09-19 13:05:00,1163.2000,1163.3800,1162.2635,1162.7400,24335
2018-09-19 13:00:00,1165.0000,1165.0000,1163.8800,1163.8800,6812
2018-09-19 12:55:00,1163.8400,1165.0000,1163.8400,1164.6801,17513
2018-09-19 12:50:00,1163.3600,1163.5000,1162.9138,1163.0300,5099
2018-09-19 12:45:00,1162.6300,1163.3101,1162.6300,1163.3101,6784
2018-09-19 12:40:00,1162.9700,1163.1000,1162.2400,1163.1000,9592
2018-09-19 12:35:00,1163.7300,1163.7500,1162.2200,1162.6000,15198
2018-09-19 12:30:00,1163.7300,1164.1100,1163.5601,1163.9900,9378
2018-09-19 12:25:00,1164.6600,1164.6600,1163.6899,1164.1300,8151
2018-09-19 12:20:00,1164.9900,1164.9900,1164.0000,1164.2000,8560
2018-09-19 12:15:00,1164.0699,1164.7300,1163.7000,1164.7300,13948
2018-09-19 12:10:00,1163.9700,1164.6150,1163.5601,1163.9600,15305
2018-09-19 12:05:00,1163.9600,1164.7500,1163.3600,1163.8700,16273
2018-09-19 12:00:00,1164.0000,1165.5200,1164.0000,1164.4600,16021
2018-09-19 11:55:00,1162.4000,1163.7900,1162.4000,1163.7900,10057
2018-09-19 11:50:00,1160.8400,1161.9500,1160.6801,1161.5000,14464
2018-09-19 11:45:00,1160.5800,1160.9399,1159.9150,1160.5601,11752
2018-09-19 11:40:00,1161.0649,1161.0649,1160.2000,1160.9301,11190
2018-09-19 11:35:00,1160.8101,1161.4399,1160.4200,1160.7100,10629
2018-09-19 11:30:00,1160.0699,1160.8101,1159.3850,1160.8101,10183
2018-09-19 11:25:00,1160.7700,1160.7700,1160.1100,1160.1851,8132
2018-09-19 11:20:00,1161.3816,1162.9301,1160.8300,1160.8300,11165
2018-09-19 11:15:00,1161.4800,1163.1000,1161.1600,1161.1600,6624
2018-09-19 11:10:00,1161.1700,1161.3199,1160.0126,1161.3199,10546
2018-09-19 11:05:00,1156.4800,1160.0000,1156.4800,1160.0000,14260
2018-09-19 11:00:00,1155.4850,1157.1899,1155.4850,1156.8500,7092
2018-09-19 10:55:00,1156.8500,1156.8500,1155.5603,1156.2466,8377
2018-09-19 10:50:00,1157.4351,1157.7450,1155.6899,1157.7450,9941
2018-09-19 10:45:00,1158.3600,1158.4700,1157.8000,1157.8000,7972
2018-09-19 10:40:00,1156.4100,1157.5250,1156.4100,1157.5250,7164
2018-09-19 10:35:00,1156.6844,1157.2400,1156.6844,1157.0350,16885
2018-09-19 10:30:00,1155.8439,1156.3250,1155.3400,1155.7500,19335
2018-09-19 10:25:00,1157.3900,1157.3900,1155.9500,1155.9500,9534
2018-09-19 10:20:00,1156.3325,1157.7900,1155.9750,1155.9750,18285
2018-09-19 10:15:00,1155.5649,1156.6350,1155.5649,1156.4818,16428
2018-09-19 10:10:00,1156.0100,1156.7600,1154.8500,1156.7600,17508
2018-09-19 10:05:00,1158.8800,1159.1500,1156.5250,1156.7300,26279
2018-09-19 10:00:00,1156.9800,1159.8950,1156.9800,1158.5483,15624
2018-09-19 09:55:00,1156.1100,1157.4000,1154.9976,1157.0100,19360
2018-09-19 09:50:00,1156.8500,1156.9399,1155.7200,1156.4500,27046
2018-09-19 09:45:00,1159.5575,1159.5575,1157.3199,1157.3199,17361
2018-09-19 09:40:00,1159.3500,1160.8400,1158.1000,1159.4825,31653
2018-09-19 09:35:00,1163.8500,1164.9600,1159.3101,1159.5400,37597
2018-09-19 09:30:00,1163.8800,1167.4950,1162.0601,1163.1000,63549
2018-09-18 15:55:00,1160.9500,1162.9999,1160.8101,1161.1899,96678
2018-09-18 15:50:00,1162.4399,1162.4399,1160.5100,1161.0150,58811
2018-09-18 15:45:00,1163.6400,1163.6400,1162.1100,1162.6100,28442
2018-09-18 15:40:00,1164.5000,1164.7700,1163.8400,1163.8400,15830
2018-09-18 15:35:00,1164.8700,1164.9950,1164.0500,1164.5000,21167
2018-09-18 15:30:00,1166.8163,1166.8163,1165.0000,1165.3101,37679
2018-09-18 15:25:00,1167.1100,1167.1500,1166.4650,1166.5601,8786
2018-09-18 15:20:00,1166.4900,1167.5149,1166.4900,1166.5601,12396
2018-09-18 15:15:00,1167.1200,1167.3400,1166.2100,1166.9700,8346
2018-09-18 15:10:00,1167.5192,1167.7300,1167.1000,1167.3900,9024
2018-09-18 15:05:00,1168.0200,1168.0200,1167.0400,1167.2850,6347
2018-09-18 15:00:00,1167.0699,1168.2600,1166.9700,1168.2600,7251
2018-09-18 14:55:00,1167.8400,1167.8700,1167.3361,1167.5200,5826
2018-09-18 14:50:00,1167.6801,1167.9700,1167.0200,1167.9700,10749
2018-09-18 14:45:00,1168.0000,1168.3550,1167.6938,1167.8400,11127
2018-09-18 14:40:00,1168.5200,1168.5200,1168.0400,1168.0400,4874
2018-09-18 14:35:00,1168.8475,1169.0800,1168.3000,1168.7303,10914
2018-09-18 14:30:00,1168.4100,1168.6400,1168.2300,1168.2900,10991
2018-09-18 14:25:00,1169.1300,1169.1300,1168.0000,1168.8000,6348
2018-09-18 14:20:00,1168.7000,1169.0850,1167.8425,1169.0850,7705
2018-09-18 14:15:00,1169.6899,1169.7900,1168.8101,1169.0000,11015
2018-09-18 14:10:00,1170.1899,1170.6274,1169.6801,1169.6801,3969
2018-09-18 14:05:00,1170.1500,1170.4200,1169.5800,1169.5800,8349
2018-09-18 14:00:00,1169.4301,1170.6990,1169.4301,1170.6990,3239
2018-09-18 13:55:00,1169.6700,1170.1050,1169.6700,1170.1050,4337
2018-09-18 13:50:00,1169.0000,1169.4500,1168.7300,1169.4449,6959
2018-09-18 13:45:00,1167.9850,1168.6899,1167.9850,1168.6899,3482
2018-09-18 13:40:00,1168.1899,1168.5699,1168.1899,1168.5699,3647
2018-09-18 13:35:00,1167.6949,1168.6700,1167.6949,1168.3350,2769
2018-09-18 13:30:00,1168.9600,1168.9600,1167.3350,1167.7000,13718
2018-09-18 13:25:00,1169.5950,1169.5950,1168.2600,1168.6500,7108
2018-09-18 13:20:00,1169.4855,1169.9100,1169.1801,1169.4629,2693
2018-09-18 13:15:00,1169.5100,1170.1300,1169.5100,1169.9100,8411
2018-09-18 13:10:00,1168.5699,1168.9790,1168.5699,1168.8800,2690
2018-09-18 13:05:00,1169.1497,1169.6750,1168.9600,1169.3800,9505
2018-09-18 13:00:00,1168.9600,1169.8900,1168.9600,1169.3600,6152
2018-09-18 12:55:00,1168.5300,1169.1899,1168.5300,1168.7400,3676
2018-09-18 12:50:00,1167.7750,1168.3300,1167.4100,1168.3300,8368
2018-09-18 12:45:00,1168.0300,1168.0300,1167.2600,1167.9700,6256
2018-09-18 12:40:00,1168.7400,1168.7400,1167.0000,1167.0000,7157
2018-09-18 12:35:00,1168.6899,1169.4200,1168.6899,1168.8492,8696
2018-09-18 12:30:00,1169.3101,1169.5200,1168.4000,1168.8115,13988
2018-09-18 12:25:00,1169.5000,1169.5000,1169.0100,1169.1600,8776
2018-09-18 12:20:00,1169.5450,1170.2000,1169.1400,1169.1400,8149
2018-09-18 12:15:00,1171.0748,1171.0748,1168.0800,1168.9847,18116
2018-09-18 12:10:00,1172.0626,1172.0626,1170.5601,1171.3800,7855
2018-09-18 12:05:00,1174.0000,1174.0000,1172.6400,1172.6400,6360
2018-09-18 12:00:00,1174.0829,1175.1733,1173.8300,1173.8300,8520
2018-09-18 11:55:00,1173.8152,1174.5000,1173.8152,1173.9900,4201
2018-09-18 11:50:00,1175.1400,1175.3300,1174.0000,1174.0000,6834
2018-09-18 11:45:00,1176.0800,1176.0800,1175.2000,1175.2100,3954
2018-09-18 11:40:00,1175.6100,1175.6300,1174.5200,1175.6300,15338
2018-09-18 11:35:00,1174.5100,1175.4800,1174.5100,1175.4800,11201
2018-09-18 11:30:00,1174.2400,1174.3400,1173.1700,1174.3400,10727
2018-09-18 11:25:00,1172.6750,1174.4200,1172.6750,1174.4200,11520
2018-09-18 11:20:00,1172.9200,1172.9200,1171.5024,1172.7642,7746
2018-09-18 11:15:00,1172.9500,1173.3800,1171.9504,1172.1410,10205
2018-09-18 11:10:00,1170.6500,1172.1700,1170.3800,1172.1700,21475
2018-09-18 11:05:00,1168.1100,1169.9900,1168.1100,1169.9900,37694
2018-09-18 11:00:00,1167.7600,1168.5000,1167.7400,1167.8083,38379
2018-09-18 10:55:00,1166.9500,1168.0100,1166.9399,1168.0100,11899
2018-09-18 10:50:00,1166.1801,1167.4000,1165.8450,1167.0300,13675
2018-09-18 10:45:00,1166.2800,1166.5000,1165.1500,1165.1500,8458
2018-09-18 10:40:00,1163.6200,1165.6000,1163.6200,1165.4000,9294
2018-09-18 10:35:00,1165.0000,1165.5100,1163.9200,1163.9200,8983
2018-09-18 10:30:00,1164.5500,1164.6200,1163.7900,1164.2400,21128
2018-09-18 10:25:00,1165.8254,1166.1000,1164.0776,1165.6899,12136
2018-09-18 10:20:00,1166.1306,1166.4600,1165.7971,1166.4301,13310
2018-09-18 10:15:00,1166.5140,1166.8800,1165.8400,1166.0793,14612
2018-09-18 10:10:00,1162.8900,1165.8101,1162.8812,1165.8101,9957
2018-09-18 10:05:00,1163.3300,1163.4600,1162.7400,1163.4600,9890
2018-09-18 10:00:00,1163.6200,1164.8800,1162.6400,1163.9449,12905
2018-09-18 09:55:00,1162.3547,1163.3416,1162.3547,1162.6300,10564
2018-09-18 09:50:00,1160.5852,1161.6000,1159.5601,1160.7550,12023
2018-09-18 09:45:00,1162.2800,1162.6500,1159.0699,1160.2100,36496
2018-09-18 09:40:00,1163.0900,1163.0900,1160.0601,1160.9200,17643
2018-09-18 09:35:00,1163.7600,1163.7600,1160.5300,1161.5699,18419
2018-09-18 09:30:00,1159.2700,1164.8800,1157.3101,1164.8800,41726
2018-09-17 15:55:00,1155.6000,1156.1200,1155.5300,1156.0500,224517
2018-09-17 15:50:00,1157.8800,1158.0551,1155.0800,1155.2175,51141
2018-09-17 15:45:00,1158.0100,1159.2300,1158.0100,1158.0300,44526
2018-09-17 15:40:00,1157.6600,1158.1300,1156.6801,1157.7700,34621
2018-09-17 15:35:00,1160.1700,1160.1700,1157.9900,1157.9900,37080
2018-09-17 15:30:00,1159.7400,1160.2650,1159.3700,1159.3700,19573
2018-09-17 15:25:00,1159.0000,1160.8199,1159.0000,1160.1801,23759
2018-09-17 15:20:00,1159.2075,1159.5500,1158.8400,1159.4200,12969
2018-09-17 15:15:00,1160.0699,1160.5900,1158.9069,1159.6050,15628
2018-09-17 15:10:00,1161.1534,1161.1534,1160.0000,1160.0000,12218
2018-09-17 15:05:00,1161.7219,1161.9600,1160.9150,1161.0699,14894
2018-09-17 15:00:00,1162.6500,1163.1200,1162.0300,1162.3750,30186
2018-09-17 14:55:00,1163.6300,1163.6875,1161.8500,1161.9399,9760
2018-09-17 14:50:00,1163.8450,1163.8450,1163.2800,1163.6100,7928
2018-09-17 14:45:00,1163.9800,1164.0300,1163.6899,1164.0300,5812
2018-09-17 14:40:00,1165.2400,1165.2400,1164.2400,1164.2400,4885
2018-09-17 14:35:00,1165.3900,1165.3900,1164.9600,1165.3250,9573
2018-09-17 14:30:00,1165.0800,1165.4500,1164.7917,1165.4500,28044
2018-09-17 14:25:00,1166.3700,1166.3700,1164.9600,1165.4200,5525
2018-09-17 14:20:00,1166.5186,1166.7800,1165.9100,1165.9900,9861
2018-09-17 14:15:00,1166.6400,1166.9900,1166.4000,1166.9900,7086
2018-09-17 14:10:00,1166.4399,1166.8600,1166.1650,1166.8600,7543
2018-09-17 14:05:00,1166.3600,1166.6851,1165.9700,1166.6851,5895
2018-09-17 14:00:00,1166.3600,1166.3600,1166.3190,1166.3190,5267
2018-09-17 13:55:00,1167.2400,1168.0800,1166.2400,1166.8199,10709
2018-09-17 13:50:00,1165.7400,1166.1200,1165.7400,1166.1200,3211
2018-09-17 13:45:00,1165.5000,1165.5000,1164.7000,1164.7000,6812
2018-09-17 13:40:00,1163.9050,1165.0000,1163.9050,1164.7000,3842
2018-09-17 13:35:00,1163.3600,1163.9000,1163.2500,1163.3800,7765
2018-09-17 13:30:00,1163.7600,1163.7600,1162.8101,1162.9700,9419
2018-09-17 13:25:00,1164.4750,1164.6075,1164.1450,1164.6075,5558
2018-09-17 13:20:00,1164.3900,1164.9700,1163.8580,1164.0825,7916
2018-09-17 13:15:00,1164.8300,1165.1500,1164.4600,1164.5950,10267
2018-09-17 13:10:00,1165.3606,1165.3606,1164.9200,1164.9200,5585
2018-09-17 13:05:00,1164.9399,1165.7100,1164.9399,1165.7100,5303
2018-09-17 13:00:00,1165.2400,1165.2400,1164.4424,1164.4424,4496
2018-09-17 12:55:00,1163.6250,1165.2100,1163.2100,1165.2100,9026
2018-09-17 12:50:00,1164.5000,1164.5000,1163.6899,1163.6899,9525
2018-09-17 12:45:00,1162.0400,1163.6300,1162.0400,1163.6300,4963
2018-09-17 12:40:00,1162.1200,1162.3199,1161.8199,1161.9900,6071
2018-09-17 12:35:00,1161.8900,1162.5898,1161.8900,1162.0000,12505
2018-09-17 12:30:00,1162.8400,1163.1500,1162.5500,1162.5500,8154
2018-09-17 12:25:00,1162.8400,1163.9800,1162.8400,1163.0720,6941
2018-09-17 12:20:00,1162.5000,1162.9900,1162.3900,1162.9900,6676
2018-09-17 12:15:00,1160.9200,1161.9216,1160.9200,1161.8300,8873
2018-09-17 12:10:00,1160.4449,1160.6801,1159.9850,1160.6801,6500
2018-09-17 12:05:00,1160.6100,1160.6100,1159.5400,1159.5400,6560
2018-09-17 12:00:00,1160.3500,1161.4900,1160.3500,1160.5500,16835
2018-09-17 11:55:00,1159.3700,1159.9000,1159.3700,1159.9000,6339
2018-09-17 11:50:00,1159.3199,1160.2300,1159.3199,1159.5200,8538
2018-09-17 11:45:00,1159.2600,1159.6300,1158.5500,1159.6300,12020
2018-09-17 11:40:00,1158.6200,1158.9200,1158.0300,1158.8300,10923
2018-09-17 11:35:00,1158.7300,1158.7300,1157.7900,1158.1400,19402
2018-09-17 11:30:00,1158.1500,1158.7000,1157.9000,1158.7000,5688
2018-09-17 11:25:00,1156.3900,1157.4399,1156.3900,1157.4399,7005
2018-09-17 11:20:00,1156.4100,1157.1000,1156.1200,1157.1000,8093
2018-09-17 11:15:00,1158.5950,1158.5950,1156.7572,1156.7572,12071
2018-09-17 11:10:00,1157.4100,1157.7300,1156.7300,1157.7300,10740
2018-09-17 11:05:00,1158.3800,1158.3800,1156.7300,1156.9900,11878
2018-09-17 11:00:00,1156.5601,1159.0000,1156.5601,1159.0000,12263
2018-09-17 10:55:00,1155.1500,1158.0000,1154.4399,1157.2400,26899
2018-09-17 10:50:00,1157.4600,1157.7750,1156.7000,1157.7750,9151
2018-09-17 10:45:00,1158.7150,1159.9100,1156.5699,1156.5699,9647
2018-09-17 10:40:00,1159.0900,1159.0900,1157.7756,1158.0500,16478
2018-09-17 10:35:00,1157.9600,1158.9399,1157.9600,1158.4399,7928
2018-09-17 10:30:00,1159.4000,1159.6666,1157.7300,1157.7300,13465
2018-09-17 10:25:00,1161.3101,1161.3101,1159.5000,1159.5000,8768
2018-09-17 10:20:00,1160.7189,1161.0000,1160.4700,1160.7502,9907
2018-09-17 10:15:00,1160.0100,1160.8000,1157.4600,1160.8000,20849
2018-09-17 10:10:00,1159.2501,1161.0200,1159.2501,1161.0200,14630
2018-09-17 10:05:00,1162.5000,1162.5000,1159.6300,1159.9800,27688
2018-09-17 10:00:00,1165.2900,1165.2900,1161.9100,1161.9100,13424
2018-09-17 09:55:00,1164.3900,1164.5850,1162.8500,1164.5500,21100
2018-09-17 09:50:00,1167.6899,1167.7000,1165.4600,1165.6500,12100
2018-09-17 09:45:00,1166.3000,1167.0400,1166.1700,1166.7950,23312
2018-09-17 09:40:00,1167.9500,1167.9500,1164.0100,1165.5400,26142
2018-09-17 09:35:00,1173.1700,1173.1700,1167.9700,1167.9700,23682
2018-09-17 09:30:00,1170.3600,1177.0200,1168.1801,1175.0000,51500
2018-09-14 15:55:00,1173.9600,1173.9900,1171.8800,1171.8800,43306
2018-09-14 15:50:00,1174.5400,1174.8900,1173.8312,1174.0100,23474
2018-09-14 15:45:00,1173.1899,1174.4100,1173.1899,1174.1600,17905
2018-09-14 15:40:00,1173.2200,1173.4800,1172.7400,1173.4800,7767
2018-09-14 15:35:00,1173.2700,1173.6200,1172.5150,1172.9399,9841
2018-09-14 15:30:00,1173.5400,1174.0000,1173.2500,1173.6000,10228
2018-09-14 15:25:00,1172.7100,1173.2300,1172.6600,1173.2300,6512
2018-09-14 15:20:00,1173.7000,1173.7000,1173.0300,1173.0900,6353
2018-09-14 15:15:00,1173.4600,1174.0000,1173.4100,1173.9700,11123
2018-09-14 15:10:00,1173.1700,1173.6000,1173.1500,1173.3199,4724
2018-09-14 15:05:00,1172.8101,1173.7200,1172.8101,1173.4772,10474
2018-09-14 15:00:00,1171.6000,1172.9000,1171.6000,1172.7300,7127
2018-09-14 14:55:00,1171.7600,1172.0450,1171.7600,1171.8300,2268
2018-09-14 14:50:00,1172.5100,1172.5100,1171.5699,1171.5699,7646
2018-09-14 14:45:00,1171.1700,1172.0000,1171.1700,1172.0000,2624
2018-09-14 14:40:00,1171.2000,1171.2000,1171.0300,1171.1600,0
2018-09-14 14:35:00,1171.0100,1171.4000,1170.9600,1171.4000,4201
2018-09-14 14:30:00,1171.0300,1171.4600,1171.0300,1171.0601,2092
2018-09-14 14:25:00,1172.0900,1172.4900,1171.8300,1171.8300,9411
2018-09-14 14:20:00,1172.7500,1172.7800,1172.4000,1172.4900,6501
2018-09-14 14:15:00,1172.9399,1173.2800,1172.7300,1172.7300,3387
2018-09-14 14:10:00,1173.1899,1173.4100,1172.9801,1172.9801,3129
2018-09-14 14:05:00,1174.0400,1174.0400,1172.8800,1173.5900,5980
2018-09-14 14:00:00,1173.3000,1173.8800,1173.1050,1173.7664,4889
2018-09-14 13:55:00,1173.3240,1173.3240,1173.0500,1173.1000,5058
2018-09-14 13:50:00,1172.9900,1173.5300,1172.9600,1173.5300,5523
2018-09-14 13:45:00,1172.1300,1172.5699,1171.5101,1172.5699,4373
2018-09-14 13:40:00,1172.5229,1172.8900,1172.3400,1172.8900,5697
2018-09-14 13:35:00,1172.0400,1172.9911,1172.0400,1172.9911,2986
2018-09-14 13:30:00,1172.2900,1172.6500,1171.8500,1171.8500,5925
2018-09-14 13:25:00,1171.6700,1172.3400,1171.6700,1172.3400,3907
2018-09-14 13:20:00,1171.1200,1171.1200,1170.6857,1171.0601,4961
2018-09-14 13:15:00,1169.9200,1170.7354,1169.9200,1170.6000,2917
2018-09-14 13:10:00,1169.6801,1169.9410,1169.6801,1169.9399,3840
2018-09-14 13:05:00,1171.0000,1171.0000,1168.5900,1168.5900,6344
2018-09-14 13:00:00,1170.7750,1171.3300,1170.4500,1171.3300,1908
2018-09-14 12:55:00,1171.1200,1171.3400,1170.7800,1170.7800,3223
2018-09-14 12:50:00,1171.6700,1171.6700,1171.0500,1171.0500,3535
2018-09-14 12:45:00,1172.0900,1172.0900,1171.3000,1171.3000,4395
2018-09-14 12:40:00,1171.0000,1171.6670,1170.6899,1171.6670,7891
2018-09-14 12:35:00,1170.0500,1170.8500,1169.6750,1170.8400,5896
2018-09-14 12:30:00,1168.3920,1170.7600,1168.3920,1170.7600,13112
2018-09-14 12:25:00,1169.6500,1170.3199,1168.6300,1169.3600,14907
2018-09-14 12:20:00,1172.3700,1172.3700,1169.5100,1169.6399,9821
2018-09-14 12:15:00,1172.9100,1173.4600,1172.3500,1172.3500,8129
2018-09-14 12:10:00,1173.1600,1173.1600,1171.7200,1172.7000,9183
2018-09-14 12:05:00,1173.3800,1173.3800,1171.6000,1172.7200,21036
2018-09-14 12:00:00,1174.0000,1174.9500,1172.8101,1173.7550,19321
2018-09-14 11:55:00,1175.3450,1175.6801,1175.0551,1175.0551,6008
2018-09-14 11:50:00,1176.8900,1177.2400,1175.8300,1175.8300,13643
2018-09-14 11:45:00,1175.4401,1176.7300,1175.4401,1176.7300,9205
2018-09-14 11:40:00,1175.8600,1176.3500,1175.5400,1176.2700,13652
2018-09-14 11:35:00,1175.5300,1175.7128,1175.2600,1175.7128,5006
2018-09-14 11:30:00,1175.6000,1175.9700,1175.1100,1175.9700,3922
2018-09-14 11:25:00,1175.5500,1175.5500,1174.6506,1174.9100,5614
2018-09-14 11:20:00,1174.8000,1175.0300,1174.4399,1175.0300,7467
2018-09-14 11:15:00,1174.4700,1175.3400,1174.3199,1174.7200,4935
2018-09-14 11:10:00,1174.9600,1174.9600,1174.6000,1174.6808,9688
2018-09-14 11:05:00,1174.8600,1176.2300,1174.8600,1175.2000,11387
2018-09-14 11:00:00,1173.9301,1175.0400,1173.9301,1175.0400,9343
2018-09-14 10:55:00,1174.6400,1174.8600,1174.4600,1174.8600,4931
2018-09-14 10:50:00,1174.0800,1174.1400,1172.7100,1173.8101,21089
2018-09-14 10:45:00,1174.9900,1174.9900,1174.8600,1174.9900,8818
2018-09-14 10:40:00,1174.7200,1175.5100,1174.5250,1175.5100,9876
2018-09-14 10:35:00,1175.6100,1176.2115,1175.1000,1175.1000,12092
2018-09-14 10:30:00,1176.0000,1176.0000,1175.0699,1175.2400,12950
2018-09-14 10:25:00,1174.2950,1175.2550,1174.2950,1174.8800,14761
2018-09-14 10:20:00,1173.8750,1175.0900,1173.4100,1174.1490,29148
2018-09-14 10:15:00,1172.4900,1174.2100,1172.4900,1173.8300,23769
2018-09-14 10:10:00,1171.7100,1172.2200,1171.5900,1171.5900,14008
2018-09-14 10:05:00,1171.8900,1172.8199,1171.4900,1171.4900,25352
2018-09-14 10:00:00,1173.0000,1174.5000,1172.4000,1172.4000,18303
2018-09-14 09:55:00,1173.8800,1175.9220,1173.6200,1175.9220,12296
2018-09-14 09:50:00,1174.6050,1175.6801,1174.1060,1175.1200,15086
2018-09-14 09:45:00,1175.5610,1175.5610,1172.9850,1174.6200,25518
2018-09-14 09:40:00,1174.2700,1177.0950,1174.2700,1176.5300,18918
2018-09-14 09:35:00,1177.1801,1177.1801,1174.5699,1174.6000,17043
2018-09-14 09:30:00,1180.4250,1180.4250,1173.1600,1175.8177,47793
2018-09-13 15:55:00,1174.8000,1175.4900,1174.7050,1175.3300,49056
2018-09-13 15:50:00,1173.3000,1174.6200,1173.0150,1174.4200,28426
2018-09-13 15:45:00,1172.0000,1172.9800,1171.6300,1172.9800,14592
2018-09-13 15:40:00,1171.0699,1172.0200,1170.9200,1172.0200,12213
2018-09-13 15:35:00,1172.6700,1172.9500,1171.5601,1171.6100,14531
2018-09-13 15:30:00,1172.5100,1172.5699,1172.0699,1172.5699,10118
2018-09-13 15:25:00,1173.1500,1173.2700,1172.3400,1172.4301,10391
2018-09-13 15:20:00,1173.4399,1173.6500,1173.0000,1173.5985,8472
2018-09-13 15:15:00,1173.1949,1173.4500,1173.1949,1173.2200,6090
2018-09-13 15:10:00,1171.8051,1173.6350,1171.8051,1173.6350,11839
2018-09-13 15:05:00,1172.5601,1172.7300,1172.1300,1172.1300,7700
2018-09-13 15:00:00,1174.0601,1174.0601,1172.8369,1173.0300,12505
2018-09-13 14:55:00,1173.1600,1173.9399,1173.1600,1173.3000,7723
2018-09-13 14:50:00,1174.3158,1174.5000,1172.8600,1173.1700,9260
2018-09-13 14:45:00,1173.9800,1174.3199,1173.6300,1174.3199,4969
2018-09-13 14:40:00,1173.1100,1174.1935,1173.1100,1173.8500,11634
2018-09-13 14:35:00,1171.5200,1173.3700,1171.5200,1172.9192,8479
2018-09-13 14:30:00,1171.7100,1171.7100,1170.9200,1171.1000,4215
2018-09-13 14:25:00,1171.1300,1171.7400,1171.1300,1171.6500,5127
2018-09-13 14:20:00,1171.2500,1171.4050,1170.6650,1171.4050,8718
2018-09-13 14:15:00,1172.6700,1173.2000,1170.9189,1170.9189,5909
2018-09-13 14:10:00,1174.0000,1174.2800,1172.9399,1172.9399,6374
2018-09-13 14:05:00,1173.9900,1174.2700,1173.3300,1174.0601,7397
2018-09-13 14:00:00,1172.6050,1173.4900,1172.6050,1173.2917,9061
2018-09-13 13:55:00,1171.2800,1172.5100,1171.2800,1172.1801,25098
2018-09-13 13:50:00,1170.7650,1171.2400,1170.5400,1171.2400,8182
2018-09-13 13:45:00,1171.5129,1172.1200,1171.2600,1171.2600,14901
2018-09-13 13:40:00,1170.8000,1171.5500,1170.8000,1171.5500,35907
2018-09-13 13:35:00,1170.5200,1171.1899,1170.1400,1171.1100,15128
2018-09-13 13:30:00,1171.3508,1171.3508,1170.5649,1170.7700,5174
2018-09-13 13:25:00,1171.8000,1171.8000,1171.1300,1171.1300,10488
2018-09-13 13:20:00,1170.0000,1171.2417,1170.0000,1171.2417,12559
2018-09-13 13:15:00,1170.3400,1170.3400,1169.0900,1169.7200,7652
2018-09-13 13:10:00,1168.9100,1169.9888,1168.9100,1169.9888,7233
2018-09-13 13:05:00,1170.2800,1170.2800,1169.2500,1169.2500,10358
2018-09-13 13:00:00,1171.0250,1171.0250,1169.7000,1169.8600,12563
2018-09-13 12:55:00,1171.2111,1171.3101,1170.3600,1171.1700,8081
2018-09-13 12:50:00,1173.0699,1173.0800,1171.5300,1171.5300,6540
2018-09-13 12:45:00,1173.0000,1173.5300,1172.8199,1172.9700,16851
2018-09-13 12:40:00,1173.4900,1173.5500,1173.0750,1173.0750,8204
2018-09-13 12:35:00,1172.9500,1173.7800,1172.5800,1173.7800,8225
2018-09-13 12:30:00,1172.7200,1173.3101,1172.1801,1173.1899,6649
2018-09-13 12:25:00,1173.3000,1173.6300,1172.7500,1172.7500,9088
2018-09-13 12:20:00,1173.5000,1173.7164,1172.5400,1173.0000,10006
2018-09-13 12:15:00,1173.2700,1174.0000,1172.7000,1172.9600,10879
2018-09-13 12:10:00,1173.8000,1174.3800,1173.5200,1173.5200,9236
2018-09-13 12:05:00,1173.2000,1174.4500,1173.2000,1173.9301,20589
2018-09-13 12:00:00,1173.9000,1174.4399,1173.1100,1173.1100,29209
2018-09-13 11:55:00,1173.6000,1173.7000,1173.4301,1173.4900,11048
2018-09-13 11:50:00,1172.1600,1173.7750,1172.1600,1173.1810,13747
2018-09-13 11:45:00,1170.8101,1172.4100,1170.5400,1172.0500,21683
2018-09-13 11:40:00,1169.7300,1170.8700,1169.5000,1170.8700,20136
2018-09-13 11:35:00,1168.0000,1169.7400,1168.0000,1169.7400,9933
2018-09-13 11:30:00,1169.5206,1169.5206,1167.9800,1168.9955,17014
2018-09-13 11:25:00,1167.7222,1168.5500,1167.7222,1168.3855,14747
2018-09-13 11:20:00,1168.5601,1168.5601,1167.2100,1168.4301,9653
2018-09-13 11:15:00,1168.7208,1168.7208,1167.4000,1167.6899,8342
2018-09-13 11:10:00,1166.8500,1170.0000,1166.8500,1169.1000,17705
2018-09-13 11:05:00,1167.9500,1168.9000,1166.1000,1166.1000,12904
2018-09-13 11:00:00,1166.3700,1166.4100,1164.9950,1165.7000,8406
2018-09-13 10:55:00,1166.7300,1167.2100,1165.7000,1165.7000,8432
2018-09-13 10:50:00,1164.9800,1166.7000,1164.9800,1166.5913,9789
2018-09-13 10:45:00,1167.7200,1167.7200,1164.9700,1165.6400,12622
2018-09-13 10:40:00,1163.9399,1167.6100,1163.0699,1167.6100,16519
2018-09-13 10:35:00,1165.9301,1166.3400,1164.2500,1164.6000,11237
2018-09-13 10:30:00,1163.7100,1166.5000,1163.7100,1165.7400,18391
2018-09-13 10:25:00,1168.5500,1168.5500,1164.0000,1164.0000,27532
2018-09-13 10:20:00,1167.0699,1167.6700,1166.7083,1167.5200,19217
2018-09-13 10:15:00,1171.2400,1171.2400,1166.9800,1168.2300,28593
2018-09-13 10:10:00,1174.1600,1174.1600,1170.4000,1170.4100,19412
2018-09-13 10:05:00,1171.0000,1173.1700,1170.2000,1172.4155,14954
2018-09-13 10:00:00,1169.3511,1173.0944,1169.3511,1170.8300,25189
2018-09-13 09:55:00,1174.0000,1174.2350,1170.8500,1171.0699,22793
2018-09-13 09:50:00,1177.6801,1177.6801,1173.2400,1173.7100,25337
2018-09-13 09:45:00,1176.6200,1178.4600,1176.6200,1177.3700,48015
2018-09-13 09:40:00,1172.4250,1176.0800,1171.9399,1176.0800,40024
2018-09-13 09:35:00,1167.2300,1171.9957,1167.2300,1171.9600,57984
2018-09-13 09:30:00,1171.8900,1173.3800,1168.2100,1168.2100,69534
